-1.0215260982513428, 1.0215260982513428, 9.833890914916992, 198.0, 198.0, Non-Bite
-0.953424334526062, 1.103248119354248, 9.765789031982422, 218.0, 416.0, Non-Bite
-0.9942854046821594, 1.103248119354248, 9.874752044677734, 8.0, 424.0, Non-Bite
-1.103248119354248, 1.103248119354248, 9.833890914916992, 3.0, 427.0, Non-Bite
-0.9942854046821594, 1.0623871088027954, 9.833890914916992, 51.0, 478.0, Non-Bite
-1.1441092491149902, 1.0623871088027954, 9.72492790222168, 70.0, 548.0, Non-Bite
-0.9942854046821594, 1.0623871088027954, 9.833890914916992, 70.0, 618.0, Non-Bite
-1.1441092491149902, 1.1849702596664429, 9.765789031982422, 70.0, 688.0, Non-Bite
-1.2258312702178955, 1.0215260982513428, 9.643206596374512, 70.0, 758.0, Non-Bite
-1.0623871088027954, 1.0623871088027954, 9.643206596374512, 70.0, 828.0, Non-Bite
-1.0215260982513428, 1.0623871088027954, 10.024576187133789, 70.0, 898.0, Non-Bite
-1.103248119354248, 1.0215260982513428, 9.997335433959961, 71.0, 969.0, Non-Bite
-0.6129156351089478, 0.9125633239746094, 10.528529167175293, 69.0, 1038.0, Non-Bite
-0.7627394795417786, 1.2939330339431763, 9.72492790222168, 70.0, 1108.0, Non-Bite
-0.953424334526062, 3.7047345638275146, 10.21526050567627, 70.0, 1178.0, Non-Bite
-0.44947147369384766, 2.3290793895721436, 9.493382453918457, 70.0, 1248.0, Non-Bite
-1.7161637544631958, 1.4437568187713623, 9.997335433959961, 70.0, 1318.0, Non-Bite
-0.953424334526062, 1.7978858947753906, 9.575104713439941, 70.0, 1388.0, Non-Bite
-1.5254789590835571, 0.14982382953166962, 8.539958000183105, 70.0, 1458.0, Non-Bite
-0.4903325140476227, -2.2882184982299805, 9.071151733398438, 70.0, 1528.0, Non-Bite
-1.1849702596664429, -3.023717164993286, 9.72492790222168, 70.0, 1598.0, Non-Bite
0.217925563454628, -3.323364734649658, 9.874752044677734, 70.0, 1668.0, Non-Bite
-0.6810173988342285, -2.6014864444732666, 10.024576187133789, 70.0, 1738.0, Non-Bite
-4.086104393005371, -0.5720546245574951, 9.220975875854492, 70.0, 1808.0, Non-Bite
-3.323364734649658, -1.6753027439117432, 9.765789031982422, 70.0, 1878.0, Non-Bite
-0.34050869941711426, -2.8330323696136475, 10.41956615447998, 70.0, 1948.0, Non-Bite
-1.1849702596664429, -2.0566725730895996, 10.637491226196289, 70.0, 2018.0, Non-Bite
-1.5663399696350098, -1.0623871088027954, 10.569390296936035, 70.0, 2088.0, Non-Bite
-2.0566725730895996, 0.6129156351089478, 10.719213485717773, 70.0, 2158.0, Non-Bite
-3.554910659790039, 2.5197644233703613, 10.188019752502441, 70.0, 2228.0, Non-Bite
-3.1735410690307617, 4.358511447906494, 9.684066772460938, 70.0, 2298.0, Non-Bite
-2.6014864444732666, 7.123441696166992, 8.185829162597656, 70.0, 2368.0, Non-Bite
-1.757024884223938, 7.613774299621582, 6.959997653961182, 70.0, 2438.0, Non-Bite
-0.7627394795417786, 7.886181354522705, 5.815888404846191, 70.0, 2508.0, Non-Bite
1.334794044494629, 7.382228374481201, 4.167826175689697, 70.0, 2578.0, Non-Bite
2.451662540435791, 6.6603498458862305, 5.094009876251221, 70.0, 2648.0, Non-Bite
4.590057373046875, 3.9771416187286377, 6.742072105407715, 70.0, 2718.0, Non-Bite
3.514049768447876, 3.5957717895507813, 7.15068244934082, 70.0, 2788.0, Non-Bite
4.44023323059082, 5.434518814086914, 6.510526180267334, 70.0, 2858.0, Non-Bite
4.249548435211182, 6.197257995605469, 5.965712070465088, 70.0, 2928.0, Non-Bite
3.6366329193115234, 6.42880392074585, 5.965712070465088, 72.0, 3000.0, Non-Bite
4.358511447906494, 6.851035118103027, 4.549196243286133, 69.0, 3069.0, Non-Bite
5.094009876251221, 6.6603498458862305, 4.93056583404541, 71.0, 3140.0, Non-Bite
5.475379943847656, 6.6603498458862305, 4.018002510070801, 70.0, 3210.0, Non-Bite
7.736357688903809, 5.897610664367676, 3.023717164993286, 71.0, 3281.0, Non-Bite
9.343558311462402, 5.706925868988037, 1.7978858947753906, 68.0, 3349.0, Non-Bite
8.349272727966309, 5.121250629425049, 0.6810173988342285, 73.0, 3422.0, Non-Bite
7.927042484283447, 5.51624059677124, 1.6344417333602905, 67.0, 3489.0, Non-Bite
3.0645782947540283, 6.238119125366211, 5.924851417541504, 72.0, 3561.0, Non-Bite
0.3813697397708893, 8.185829162597656, 6.238119125366211, 68.0, 3629.0, Non-Bite
3.8681788444519043, 8.308412551879883, 4.167826175689697, 72.0, 3701.0, Non-Bite
4.630918025970459, 8.730643272399902, 4.058863639831543, 68.0, 3769.0, Non-Bite
3.282503843307495, 8.798744201660156, 5.625203609466553, 72.0, 3841.0, Non-Bite
3.9771416187286377, 7.1915435791015625, 5.3119354248046875, 69.0, 3910.0, Non-Bite
2.982856035232544, 6.278980255126953, 7.654635429382324, 71.0, 3981.0, Non-Bite
3.514049768447876, 6.197257995605469, 8.226690292358398, 68.0, 4049.0, Non-Bite
3.8681788444519043, 5.965712070465088, 8.376513481140137, 72.0, 4121.0, Non-Bite
2.941995143890381, 6.129156589508057, 7.995143890380859, 71.0, 4192.0, Non-Bite
3.4459478855133057, 5.965712070465088, 6.769312858581543, 67.0, 4259.0, Non-Bite
4.249548435211182, 5.897610664367676, 7.314126491546631, 73.0, 4332.0, Non-Bite
5.775027275085449, 4.86246395111084, 7.654635429382324, 67.0, 4399.0, Non-Bite
4.971426963806152, 4.317650318145752, 7.354987621307373, 74.0, 4473.0, Non-Bite
5.897610664367676, 4.317650318145752, 6.156397342681885, 66.0, 4539.0, Non-Bite
4.821603298187256, 4.86246395111084, 6.469665050506592, 72.0, 4611.0, Non-Bite
5.51624059677124, 5.35279655456543, 5.51624059677124, 70.0, 4681.0, Non-Bite
6.0882954597473145, 5.775027275085449, 5.666064739227295, 68.0, 4749.0, Non-Bite
5.434518814086914, 5.856749534606934, 4.699019908905029, 73.0, 4822.0, Non-Bite
8.076866149902344, 5.121250629425049, 4.058863639831543, 67.0, 4889.0, Non-Bite
5.51624059677124, 5.666064739227295, 4.549196243286133, 72.0, 4961.0, Non-Bite
3.78645658493042, 7.695496559143066, 5.775027275085449, 70.0, 5031.0, Non-Bite
4.780742168426514, 8.308412551879883, 4.4810943603515625, 70.0, 5101.0, Non-Bite
6.347082138061523, 7.041719913482666, 4.086104393005371, 70.0, 5171.0, Non-Bite
7.695496559143066, 6.00657320022583, 5.666064739227295, 70.0, 5241.0, Non-Bite
5.666064739227295, 5.543481349945068, 6.6194891929626465, 70.0, 5311.0, Non-Bite
4.971426963806152, 5.666064739227295, 6.319841384887695, 67.0, 5378.0, Non-Bite
3.827317714691162, 5.543481349945068, 6.810173988342285, 231.0, 5609.0, Non-Bite
5.0122880935668945, 4.7398810386657715, 8.036005020141602, 2.0, 5611.0, Non-Bite
5.625203609466553, 3.323364734649658, 6.6603498458862305, 3.0, 5614.0, Non-Bite
6.810173988342285, 1.4846179485321045, 6.42880392074585, 44.0, 5658.0, Non-Bite
3.6366329193115234, 2.8330323696136475, 9.643206596374512, 70.0, 5728.0, Non-Bite
1.9885708093643188, 5.35279655456543, 8.185829162597656, 70.0, 5798.0, Non-Bite
1.5254789590835571, 9.193735122680664, 4.358511447906494, 71.0, 5869.0, Non-Bite
3.6366329193115234, 10.48766803741455, 2.5197644233703613, 70.0, 5939.0, Non-Bite
6.42880392074585, 9.956474304199219, -0.06810174137353897, 73.0, 6012.0, Non-Bite
8.376513481140137, 7.504811763763428, 1.1849702596664429, 69.0, 6081.0, Non-Bite
5.543481349945068, 7.886181354522705, 3.282503843307495, 70.0, 6151.0, Non-Bite
4.93056583404541, 7.7635979652404785, 4.903325080871582, 70.0, 6221.0, Non-Bite
5.666064739227295, 7.654635429382324, 3.255263090133667, 68.0, 6289.0, Non-Bite
4.086104393005371, 7.1915435791015625, 4.358511447906494, 72.0, 6361.0, Non-Bite
4.549196243286133, 6.6194891929626465, 4.7398810386657715, 70.0, 6431.0, Non-Bite
5.284695148468018, 5.393657684326172, 6.00657320022583, 71.0, 6501.0, Non-Bite
6.156397342681885, 4.249548435211182, 5.434518814086914, 67.0, 6569.0, Non-Bite
4.821603298187256, 4.699019908905029, 6.578628063201904, 72.0, 6641.0, Non-Bite
2.751310348510742, 6.387943267822266, 6.387943267822266, 70.0, 6711.0, Non-Bite
3.214401960372925, 8.185829162597656, 4.821603298187256, 68.0, 6779.0, Non-Bite
3.473188638687134, 9.575104713439941, 2.6014864444732666, 72.0, 6851.0, Non-Bite
5.35279655456543, 9.833890914916992, 1.334794044494629, 69.0, 6920.0, Non-Bite
7.041719913482666, 8.349272727966309, 1.375655174255371, 71.0, 6991.0, Non-Bite
6.701210975646973, 7.15068244934082, 3.6774938106536865, 69.0, 7060.0, Non-Bite
4.2086873054504395, 7.545672416687012, 4.549196243286133, 72.0, 7132.0, Non-Bite
3.255263090133667, 7.123441696166992, 5.5843424797058105, 67.0, 7199.0, Non-Bite
4.780742168426514, 5.51624059677124, 5.202972888946533, 70.0, 7269.0, Non-Bite
5.543481349945068, 3.9362804889678955, 7.000858783721924, 72.0, 7341.0, Non-Bite
4.167826175689697, 3.78645658493042, 6.6603498458862305, 70.0, 7411.0, Non-Bite
2.751310348510742, 4.780742168426514, 6.6194891929626465, 71.0, 7482.0, Non-Bite
1.6344417333602905, 5.475379943847656, 4.821603298187256, 67.0, 7549.0, Non-Bite
-0.0272406954318285, 5.775027275085449, 5.35279655456543, 72.0, 7621.0, Non-Bite
-2.22011661529541, 5.284695148468018, 7.804459095001221, 68.0, 7689.0, Non-Bite
-1.6753027439117432, 4.780742168426514, 8.580819129943848, 72.0, 7761.0, Non-Bite
-5.121250629425049, 5.3119354248046875, 9.384419441223145, 70.0, 7831.0, Non-Bite
-8.417374610900879, 2.0566725730895996, 11.10058307647705, 68.0, 7899.0, Non-Bite
-6.9327569007873535, 0.108962781727314, 10.1471586227417, 73.0, 7972.0, Non-Bite
-3.6774938106536865, -0.5720546245574951, 9.384419441223145, 69.0, 8041.0, Non-Bite
-4.167826175689697, -1.103248119354248, 8.989429473876953, 68.0, 8109.0, Non-Bite
-3.827317714691162, -1.7161637544631958, 8.185829162597656, 73.0, 8182.0, Non-Bite
-2.7921712398529053, -3.214401960372925, 10.800935745239258, 67.0, 8249.0, Non-Bite
-0.953424334526062, -2.410801649093628, 9.874752044677734, 71.0, 8320.0, Non-Bite
-2.138394594192505, -2.0975334644317627, 8.771504402160645, 73.0, 8393.0, Non-Bite
-3.6774938106536865, -1.906848669052124, 9.152873992919922, 66.0, 8459.0, Non-Bite
-2.9011340141296387, -2.0975334644317627, 9.575104713439941, 73.0, 8532.0, Non-Bite
-2.478903293609619, -2.2473573684692383, 9.72492790222168, 67.0, 8599.0, Non-Bite
-2.9011340141296387, -2.3699405193328857, 9.575104713439941, 73.0, 8672.0, Non-Bite
-2.138394594192505, -2.5197644233703613, 8.88046646118164, 67.0, 8739.0, Non-Bite
-0.7627394795417786, -2.478903293609619, 8.798744201660156, 72.0, 8811.0, Non-Bite
-1.7978858947753906, -1.1441092491149902, 9.152873992919922, 68.0, 8879.0, Non-Bite
-0.4903325140476227, 0.29964765906333923, 8.648921012878418, 70.0, 8949.0, Non-Bite
0.9125633239746094, 1.5254789590835571, 8.417374610900879, 72.0, 9021.0, Non-Bite
0.6810173988342285, 1.4437568187713623, 10.678352355957031, 68.0, 9089.0, Non-Bite
0.06810174137353897, 0.871702253818512, 11.645397186279297, 72.0, 9161.0, Non-Bite
0.953424334526062, 0.6401563286781311, 10.21526050567627, 71.0, 9232.0, Non-Bite
0.06810174137353897, 0.9942854046821594, 9.384419441223145, 67.0, 9299.0, Non-Bite
-0.29964765906333923, 1.375655174255371, 10.90989875793457, 72.0, 9371.0, Non-Bite
1.757024884223938, 0.7218784093856812, 10.950759887695313, 68.0, 9439.0, Non-Bite
1.6344417333602905, 0.7218784093856812, 9.684066772460938, 70.0, 9509.0, Non-Bite
1.2258312702178955, 0.40861043334007263, 8.962188720703125, 72.0, 9581.0, Non-Bite
1.1849702596664429, 1.103248119354248, 10.446806907653809, 70.0, 9651.0, Non-Bite
0.06810174137353897, 0.40861043334007263, 10.106298446655273, 68.0, 9719.0, Non-Bite
0.19068486988544464, 0.34050869941711426, 9.956474304199219, 72.0, 9791.0, Non-Bite
-0.9942854046821594, 0.4903325140476227, 10.528529167175293, 69.0, 9860.0, Non-Bite
0.6401563286781311, 0.217925563454628, 9.60234546661377, 71.0, 9931.0, Non-Bite
-1.4846179485321045, 0.5720546245574951, 10.065437316894531, 68.0, 9999.0, Non-Bite
-0.7627394795417786, 0.3813697397708893, 9.806650161743164, 72.0, 10071.0, Non-Bite
-1.6344417333602905, 0.5311935544013977, 10.256121635437012, 71.0, 10142.0, Non-Bite
-0.19068486988544464, 0.5720546245574951, 9.874752044677734, 67.0, 10209.0, Non-Bite
-1.334794044494629, 0.40861043334007263, 9.765789031982422, 72.0, 10281.0, Non-Bite
-1.103248119354248, 0.4903325140476227, 9.874752044677734, 68.0, 10349.0, Non-Bite
-0.9125633239746094, 0.4903325140476227, 10.065437316894531, 70.0, 10419.0, Non-Bite
-1.0215260982513428, 0.3813697397708893, 9.806650161743164, 71.0, 10490.0, Non-Bite
-1.0623871088027954, 0.40861043334007263, 9.765789031982422, 71.0, 10561.0, Non-Bite
-0.8308411836624146, 0.5311935544013977, 9.915613174438477, 70.0, 10631.0, Non-Bite
-0.4903325140476227, 0.44947147369384766, 9.833890914916992, 70.0, 10701.0, Non-Bite
-0.9942854046821594, 0.40861043334007263, 9.997335433959961, 69.0, 10770.0, Non-Bite
-0.8036004900932312, 0.4903325140476227, 9.874752044677734, 70.0, 10840.0, Non-Bite
-0.7218784093856812, 0.44947147369384766, 9.874752044677734, 71.0, 10911.0, Non-Bite
-0.871702253818512, 0.4903325140476227, 9.874752044677734, 70.0, 10981.0, Non-Bite
-0.871702253818512, 0.3813697397708893, 9.874752044677734, 68.0, 11049.0, Non-Bite
-0.8036004900932312, 0.40861043334007263, 9.833890914916992, 72.0, 11121.0, Non-Bite
-0.871702253818512, 0.44947147369384766, 9.915613174438477, 71.0, 11192.0, Non-Bite
-0.953424334526062, 0.5311935544013977, 9.833890914916992, 69.0, 11261.0, Non-Bite
-0.9942854046821594, 0.44947147369384766, 9.915613174438477, 71.0, 11331.0, Non-Bite
-0.6129156351089478, 0.4903325140476227, 9.833890914916992, 70.0, 11402.0, Non-Bite
-0.7218784093856812, 0.40861043334007263, 9.874752044677734, 69.0, 11471.0, Non-Bite
-0.953424334526062, 0.4903325140476227, 9.874752044677734, 70.0, 11541.0, Non-Bite
-0.6401563286781311, 0.44947147369384766, 9.833890914916992, 70.0, 11611.0, Non-Bite
-0.8308411836624146, 0.3813697397708893, 9.874752044677734, 71.0, 11682.0, Non-Bite
-1.0215260982513428, 0.4903325140476227, 9.915613174438477, 67.0, 11749.0, Non-Bite
-0.6810173988342285, 0.44947147369384766, 9.956474304199219, 72.0, 11821.0, Non-Bite
-0.7627394795417786, 0.5311935544013977, 9.874752044677734, 70.0, 11891.0, Non-Bite
-0.8308411836624146, 0.4903325140476227, 9.874752044677734, 68.0, 11959.0, Non-Bite
-0.8036004900932312, 0.3813697397708893, 9.915613174438477, 72.0, 12031.0, Non-Bite
-0.7627394795417786, 0.5311935544013977, 9.874752044677734, 68.0, 12099.0, Non-Bite
-0.8036004900932312, 0.4903325140476227, 9.997335433959961, 71.0, 12170.0, Non-Bite
-0.953424334526062, 0.4903325140476227, 9.956474304199219, 71.0, 12241.0, Non-Bite
-1.0215260982513428, 0.44947147369384766, 9.874752044677734, 70.0, 12311.0, Non-Bite
-0.6810173988342285, 0.44947147369384766, 9.956474304199219, 70.0, 12381.0, Non-Bite
-0.7627394795417786, 0.3813697397708893, 9.915613174438477, 70.0, 12451.0, Non-Bite
-0.6401563286781311, 0.5311935544013977, 9.833890914916992, 70.0, 12521.0, Non-Bite
-0.7218784093856812, 0.4903325140476227, 9.915613174438477, 70.0, 12591.0, Non-Bite
-0.8036004900932312, 0.6129156351089478, 9.915613174438477, 70.0, 12661.0, Non-Bite
-0.7218784093856812, 0.5720546245574951, 9.915613174438477, 70.0, 12731.0, Non-Bite
-0.8036004900932312, 0.4903325140476227, 9.915613174438477, 68.0, 12799.0, Non-Bite
-0.6810173988342285, 0.44947147369384766, 9.915613174438477, 73.0, 12872.0, Non-Bite
-0.7627394795417786, 0.44947147369384766, 9.874752044677734, 67.0, 12939.0, Non-Bite
-0.7627394795417786, 0.4903325140476227, 9.874752044677734, 140.0, 13079.0, Non-Bite
-0.7627394795417786, 0.40861043334007263, 9.874752044677734, 72.0, 13151.0, Non-Bite
-0.6810173988342285, 0.4903325140476227, 9.874752044677734, 70.0, 13221.0, Non-Bite
-0.8308411836624146, 0.4903325140476227, 9.915613174438477, 70.0, 13291.0, Non-Bite
-0.871702253818512, 0.40861043334007263, 9.874752044677734, 70.0, 13361.0, Non-Bite
-0.6401563286781311, 0.5720546245574951, 9.915613174438477, 69.0, 13430.0, Non-Bite
-0.6401563286781311, 0.40861043334007263, 9.874752044677734, 70.0, 13500.0, Non-Bite
-0.7218784093856812, 0.44947147369384766, 9.915613174438477, 70.0, 13570.0, Non-Bite
-0.7627394795417786, 0.4903325140476227, 9.915613174438477, 71.0, 13641.0, Non-Bite
-0.5311935544013977, 0.40861043334007263, 9.874752044677734, 71.0, 13712.0, Non-Bite
-0.7218784093856812, 0.44947147369384766, 9.874752044677734, 69.0, 13781.0, Non-Bite
-0.8036004900932312, 0.44947147369384766, 9.915613174438477, 70.0, 13851.0, Non-Bite
-0.7218784093856812, 0.40861043334007263, 9.915613174438477, 70.0, 13921.0, Non-Bite
-0.7218784093856812, 0.44947147369384766, 9.833890914916992, 68.0, 13989.0, Non-Bite
-0.6810173988342285, 0.44947147369384766, 9.806650161743164, 74.0, 14063.0, Non-Bite
-0.6810173988342285, 0.40861043334007263, 9.915613174438477, 66.0, 14129.0, Non-Bite
-0.6401563286781311, 0.4903325140476227, 9.833890914916992, 72.0, 14201.0, Non-Bite
-0.7627394795417786, 0.4903325140476227, 9.874752044677734, 70.0, 14271.0, Non-Bite
-0.7218784093856812, 0.5311935544013977, 9.765789031982422, 68.0, 14339.0, Non-Bite
-0.7218784093856812, 0.5311935544013977, 9.874752044677734, 72.0, 14411.0, Non-Bite
-0.8308411836624146, 0.40861043334007263, 9.915613174438477, 70.0, 14481.0, Non-Bite
-0.6129156351089478, 0.5311935544013977, 9.915613174438477, 68.0, 14549.0, Non-Bite
-0.7218784093856812, 0.44947147369384766, 9.833890914916992, 71.0, 14620.0, Non-Bite
-0.7218784093856812, 0.44947147369384766, 9.915613174438477, 70.0, 14690.0, Non-Bite
-0.7218784093856812, 0.40861043334007263, 9.997335433959961, 71.0, 14761.0, Non-Bite
-0.5720546245574951, 0.34050869941711426, 9.997335433959961, 70.0, 14831.0, Non-Bite
-0.6129156351089478, 0.44947147369384766, 9.915613174438477, 70.0, 14901.0, Non-Bite
-0.4903325140476227, 0.5311935544013977, 9.874752044677734, 70.0, 14971.0, Non-Bite
-0.217925563454628, 0.5720546245574951, 9.997335433959961, 70.0, 15041.0, Non-Bite
-0.217925563454628, 0.5311935544013977, 9.956474304199219, 71.0, 15112.0, Non-Bite
-0.34050869941711426, 0.4903325140476227, 9.956474304199219, 67.0, 15179.0, Non-Bite
-0.06810174137353897, 0.44947147369384766, 10.065437316894531, 72.0, 15251.0, Non-Bite
-0.19068486988544464, 0.3813697397708893, 9.997335433959961, 68.0, 15319.0, Non-Bite
-0.3813697397708893, 0.40861043334007263, 9.956474304199219, 70.0, 15389.0, Non-Bite
-0.217925563454628, 0.29964765906333923, 9.915613174438477, 72.0, 15461.0, Non-Bite
-0.3813697397708893, 0.3813697397708893, 10.106298446655273, 70.0, 15531.0, Non-Bite
-0.34050869941711426, 0.44947147369384766, 10.024576187133789, 70.0, 15601.0, Non-Bite
-0.2587866187095642, 0.34050869941711426, 9.956474304199219, 70.0, 15671.0, Non-Bite
0.108962781727314, 0.34050869941711426, 10.106298446655273, 68.0, 15739.0, Non-Bite
-0.217925563454628, 0.6810173988342285, 9.997335433959961, 72.0, 15811.0, Non-Bite
-0.40861043334007263, 0.3813697397708893, 10.1471586227417, 69.0, 15880.0, Non-Bite
-0.6810173988342285, 0.44947147369384766, 11.03248119354248, 70.0, 15950.0, Non-Bite
-2.0566725730895996, 1.6753027439117432, 11.713499069213867, 70.0, 16020.0, Non-Bite
-0.953424334526062, 1.103248119354248, 7.57291316986084, 71.0, 16091.0, Non-Bite
-3.255263090133667, 4.358511447906494, 9.997335433959961, 70.0, 16161.0, Non-Bite
-2.71044921875, 6.238119125366211, 8.417374610900879, 70.0, 16231.0, Non-Bite
-1.4846179485321045, 6.6603498458862305, 6.810173988342285, 68.0, 16299.0, Non-Bite
-1.2939330339431763, 7.15068244934082, 5.053149223327637, 72.0, 16371.0, Non-Bite
-0.4903325140476227, 6.238119125366211, 4.971426963806152, 70.0, 16441.0, Non-Bite
0.217925563454628, 6.278980255126953, 4.249548435211182, 70.0, 16511.0, Non-Bite
-0.29964765906333923, 6.347082138061523, 4.86246395111084, 70.0, 16581.0, Non-Bite
-1.6344417333602905, 8.349272727966309, 4.358511447906494, 68.0, 16649.0, Non-Bite
-3.8681788444519043, 7.995143890380859, 4.971426963806152, 72.0, 16721.0, Non-Bite
-2.22011661529541, 8.158588409423828, 5.0122880935668945, 70.0, 16791.0, Non-Bite
-2.451662540435791, 7.9679036140441895, 4.7398810386657715, 70.0, 16861.0, Non-Bite
-3.1326799392700195, 8.499096870422363, 4.44023323059082, 70.0, 16931.0, Non-Bite
-1.9477096796035767, 8.036005020141602, 4.590057373046875, 70.0, 17001.0, Non-Bite
-1.7978858947753906, 7.504811763763428, 4.630918025970459, 70.0, 17071.0, Non-Bite
-1.5254789590835571, 7.736357688903809, 6.278980255126953, 68.0, 17139.0, Non-Bite
-4.44023323059082, 7.082581043243408, 7.57291316986084, 71.0, 17210.0, Non-Bite
-2.179255723953247, 12.939330101013184, 1.1441092491149902, 70.0, 17280.0, Non-Bite
1.7978858947753906, 7.314126491546631, 6.6603498458862305, 69.0, 17348.0, Non-Bite
2.6014864444732666, 5.543481349945068, 6.810173988342285, 72.0, 17421.0, Non-Bite
3.78645658493042, 5.815888404846191, 5.202972888946533, 70.0, 17491.0, Non-Bite
4.086104393005371, 6.047434329986572, 5.543481349945068, 70.0, 17561.0, Non-Bite
3.9771416187286377, 6.810173988342285, 5.897610664367676, 70.0, 17631.0, Non-Bite
3.282503843307495, 7.123441696166992, 6.047434329986572, 70.0, 17701.0, Non-Bite
2.941995143890381, 7.000858783721924, 6.891895771026611, 70.0, 17771.0, Non-Bite
3.8681788444519043, 6.6603498458862305, 5.897610664367676, 70.0, 17841.0, Non-Bite
4.399372100830078, 7.041719913482666, 5.706925868988037, 70.0, 17911.0, Non-Bite
4.44023323059082, 7.545672416687012, 5.965712070465088, 70.0, 17981.0, Non-Bite
4.290409564971924, 8.158588409423828, 5.202972888946533, 70.0, 18051.0, Non-Bite
3.9771416187286377, 8.117727279663086, 2.6014864444732666, 70.0, 18121.0, Non-Bite
6.047434329986572, 6.6194891929626465, 2.941995143890381, 67.0, 18188.0, Non-Bite
3.9771416187286377, 5.897610664367676, 5.666064739227295, 72.0, 18261.0, Non-Bite
5.202972888946533, 7.382228374481201, 4.971426963806152, 67.0, 18328.0, Non-Bite
4.399372100830078, 7.423089504241943, 5.815888404846191, 70.0, 18398.0, Non-Bite
3.78645658493042, 6.9327569007873535, 5.35279655456543, 72.0, 18470.0, Non-Bite
6.047434329986572, 7.273265838623047, 0.29964765906333923, 70.0, 18540.0, Non-Bite
5.434518814086914, 3.214401960372925, 5.121250629425049, 71.0, 18611.0, Non-Bite
-0.3813697397708893, 2.9011340141296387, 6.278980255126953, 70.0, 18681.0, Non-Bite
-2.451662540435791, 3.8681788444519043, 7.123441696166992, 70.0, 18751.0, Non-Bite
-5.666064739227295, 2.410801649093628, 11.904184341430664, 70.0, 18821.0, Non-Bite
-7.4639506340026855, 1.103248119354248, 14.355846405029297, 70.0, 18891.0, Non-Bite
-3.023717164993286, -0.34050869941711426, 11.645397186279297, 68.0, 18959.0, Non-Bite
-3.8681788444519043, 0.34050869941711426, 11.481952667236328, 69.0, 19028.0, Non-Bite
-2.179255723953247, -0.4903325140476227, 11.223166465759277, 70.0, 19098.0, Non-Bite
-1.7161637544631958, 0.44947147369384766, 9.60234546661377, 70.0, 19168.0, Non-Bite
-3.1735410690307617, 0.29964765906333923, 9.60234546661377, 71.0, 19239.0, Non-Bite
-2.179255723953247, 0.2587866187095642, 9.071151733398438, 72.0, 19311.0, Non-Bite
-4.671779155731201, 0.5311935544013977, 9.220975875854492, 68.0, 19379.0, Non-Bite
-2.8602731227874756, 0.19068486988544464, 9.071151733398438, 72.0, 19451.0, Non-Bite
-3.4050869941711426, 0.108962781727314, 9.220975875854492, 70.0, 19521.0, Non-Bite
-3.255263090133667, 0.2587866187095642, 9.261836051940918, 70.0, 19591.0, Non-Bite
-3.0918190479278564, 0.34050869941711426, 9.220975875854492, 70.0, 19661.0, Non-Bite
-3.023717164993286, 0.108962781727314, 9.261836051940918, 68.0, 19729.0, Non-Bite
-2.941995143890381, 0.19068486988544464, 9.452521324157715, 71.0, 19800.0, Non-Bite
-2.7921712398529053, 0.29964765906333923, 9.493382453918457, 70.0, 19870.0, Non-Bite
-2.6014864444732666, 0.29964765906333923, 9.220975875854492, 71.0, 19941.0, Non-Bite
-2.71044921875, 0.217925563454628, 9.452521324157715, 70.0, 20011.0, Non-Bite
-2.8330323696136475, 0.19068486988544464, 9.493382453918457, 70.0, 20081.0, Non-Bite
-2.6014864444732666, 0.19068486988544464, 9.493382453918457, 70.0, 20151.0, Non-Bite
-2.669588088989258, 0.29964765906333923, 9.452521324157715, 70.0, 20221.0, Non-Bite
-2.8330323696136475, 0.108962781727314, 9.493382453918457, 68.0, 20289.0, Non-Bite
-2.5197644233703613, 0.19068486988544464, 9.452521324157715, 72.0, 20361.0, Non-Bite
-2.669588088989258, 0.19068486988544464, 9.411660194396973, 70.0, 20431.0, Non-Bite
-2.751310348510742, 0.29964765906333923, 9.493382453918457, 70.0, 20501.0, Non-Bite
-2.71044921875, 0.2587866187095642, 9.575104713439941, 76.0, 20577.0, Non-Bite
-2.751310348510742, 0.217925563454628, 9.452521324157715, 62.0, 20639.0, Non-Bite
-2.71044921875, 0.14982382953166962, 9.493382453918457, 72.0, 20711.0, Non-Bite
-2.669588088989258, 0.19068486988544464, 9.452521324157715, 70.0, 20781.0, Non-Bite
-2.669588088989258, 0.2587866187095642, 9.452521324157715, 70.0, 20851.0, Non-Bite
-2.6014864444732666, 0.19068486988544464, 9.452521324157715, 70.0, 20921.0, Non-Bite
-2.6014864444732666, 0.217925563454628, 9.411660194396973, 68.0, 20989.0, Non-Bite
-2.642347574234009, 0.2587866187095642, 9.384419441223145, 71.0, 21060.0, Non-Bite
-2.669588088989258, 0.14982382953166962, 9.452521324157715, 70.0, 21130.0, Non-Bite
-2.642347574234009, 0.14982382953166962, 9.493382453918457, 71.0, 21201.0, Non-Bite
-2.5197644233703613, 0.2587866187095642, 9.411660194396973, 70.0, 21271.0, Non-Bite
-2.669588088989258, 0.19068486988544464, 9.493382453918457, 70.0, 21341.0, Non-Bite
-2.8330323696136475, 0.14982382953166962, 9.493382453918457, 70.0, 21411.0, Non-Bite
-2.669588088989258, 0.19068486988544464, 9.452521324157715, 70.0, 21481.0, Non-Bite
-2.751310348510742, 0.19068486988544464, 9.452521324157715, 70.0, 21551.0, Non-Bite
-2.669588088989258, 0.217925563454628, 9.411660194396973, 70.0, 21621.0, Non-Bite
-2.71044921875, 0.217925563454628, 9.384419441223145, 70.0, 21691.0, Non-Bite
-2.71044921875, 0.19068486988544464, 9.411660194396973, 70.0, 21761.0, Non-Bite
-2.6014864444732666, 0.19068486988544464, 9.5342435836792, 70.0, 21831.0, Non-Bite
-2.642347574234009, 0.14982382953166962, 9.493382453918457, 70.0, 21901.0, Non-Bite
-2.71044921875, 0.217925563454628, 9.384419441223145, 70.0, 21971.0, Non-Bite
-2.751310348510742, 0.14982382953166962, 9.493382453918457, 68.0, 22039.0, Non-Bite
-2.751310348510742, 0.29964765906333923, 9.411660194396973, 72.0, 22111.0, Non-Bite
-2.642347574234009, 0.2587866187095642, 9.5342435836792, 70.0, 22181.0, Non-Bite
-2.751310348510742, 0.217925563454628, 9.384419441223145, 70.0, 22251.0, Non-Bite
-2.6014864444732666, 0.217925563454628, 9.493382453918457, 68.0, 22319.0, Non-Bite
-2.6014864444732666, 0.19068486988544464, 9.384419441223145, 71.0, 22390.0, Non-Bite
-2.751310348510742, 0.14982382953166962, 9.452521324157715, 71.0, 22461.0, Non-Bite
-2.751310348510742, 0.19068486988544464, 9.384419441223145, 70.0, 22531.0, Non-Bite
-2.6014864444732666, 0.217925563454628, 9.493382453918457, 70.0, 22601.0, Non-Bite
-2.669588088989258, 0.19068486988544464, 9.493382453918457, 70.0, 22671.0, Non-Bite
-2.71044921875, 0.14982382953166962, 9.452521324157715, 70.0, 22741.0, Non-Bite
-2.5606253147125244, 0.217925563454628, 9.411660194396973, 70.0, 22811.0, Non-Bite
-2.8330323696136475, 0.2587866187095642, 9.384419441223145, 70.0, 22881.0, Non-Bite
-2.669588088989258, 0.14982382953166962, 9.411660194396973, 68.0, 22949.0, Non-Bite
-2.669588088989258, 0.29964765906333923, 9.452521324157715, 72.0, 23021.0, Non-Bite
-2.5606253147125244, 0.217925563454628, 9.411660194396973, 70.0, 23091.0, Non-Bite
-2.71044921875, 0.14982382953166962, 9.411660194396973, 70.0, 23161.0, Non-Bite
-2.71044921875, 0.19068486988544464, 9.411660194396973, 70.0, 23231.0, Non-Bite
-2.478903293609619, 0.29964765906333923, 9.452521324157715, 70.0, 23301.0, Non-Bite
-2.669588088989258, 0.19068486988544464, 9.411660194396973, 68.0, 23369.0, Non-Bite
-2.5197644233703613, 0.19068486988544464, 9.343558311462402, 72.0, 23441.0, Non-Bite
-2.478903293609619, 0.19068486988544464, 9.452521324157715, 70.0, 23511.0, Non-Bite
-2.5606253147125244, 0.29964765906333923, 9.452521324157715, 68.0, 23579.0, Non-Bite
-2.7921712398529053, 0.2587866187095642, 9.493382453918457, 71.0, 23650.0, Non-Bite
-2.751310348510742, 0.217925563454628, 9.493382453918457, 71.0, 23721.0, Non-Bite
-2.478903293609619, 0.19068486988544464, 9.5342435836792, 67.0, 23788.0, Non-Bite
-2.5197644233703613, 0.14982382953166962, 9.452521324157715, 73.0, 23861.0, Non-Bite
-2.751310348510742, 0.19068486988544464, 9.5342435836792, 70.0, 23931.0, Non-Bite
-2.642347574234009, 0.108962781727314, 9.493382453918457, 70.0, 24001.0, Non-Bite
-2.669588088989258, 0.29964765906333923, 9.493382453918457, 67.0, 24068.0, Non-Bite
-2.642347574234009, 0.19068486988544464, 9.452521324157715, 70.0, 24138.0, Non-Bite
-2.642347574234009, 0.2587866187095642, 9.493382453918457, 70.0, 24208.0, Non-Bite
-2.71044921875, 0.217925563454628, 9.452521324157715, 71.0, 24279.0, Non-Bite
-2.71044921875, 0.217925563454628, 9.493382453918457, 72.0, 24351.0, Non-Bite
-2.5197644233703613, 0.2587866187095642, 9.411660194396973, 70.0, 24421.0, Non-Bite
-2.71044921875, 0.108962781727314, 9.575104713439941, 70.0, 24491.0, Non-Bite
-2.751310348510742, 0.19068486988544464, 9.411660194396973, 70.0, 24561.0, Non-Bite
-2.5197644233703613, 0.217925563454628, 9.575104713439941, 70.0, 24631.0, Non-Bite
-2.751310348510742, 0.217925563454628, 9.5342435836792, 70.0, 24701.0, Non-Bite
-2.7921712398529053, 0.217925563454628, 9.493382453918457, 70.0, 24771.0, Non-Bite
-2.642347574234009, 0.19068486988544464, 9.452521324157715, 69.0, 24840.0, Non-Bite
-2.478903293609619, 0.19068486988544464, 9.5342435836792, 70.0, 24910.0, Non-Bite
-2.478903293609619, 0.2587866187095642, 9.411660194396973, 71.0, 24981.0, Non-Bite
-2.71044921875, 0.14982382953166962, 9.493382453918457, 70.0, 25051.0, Non-Bite
-2.642347574234009, 0.19068486988544464, 9.411660194396973, 70.0, 25121.0, Non-Bite
-2.478903293609619, 0.19068486988544464, 9.452521324157715, 70.0, 25191.0, Non-Bite
-2.5606253147125244, 0.14982382953166962, 9.575104713439941, 70.0, 25261.0, Non-Bite
-2.642347574234009, 0.19068486988544464, 9.452521324157715, 71.0, 25332.0, Non-Bite
-2.5606253147125244, 0.19068486988544464, 9.5342435836792, 67.0, 25399.0, Non-Bite
-2.6014864444732666, 0.29964765906333923, 9.493382453918457, 72.0, 25471.0, Non-Bite
-2.669588088989258, 0.2587866187095642, 9.493382453918457, 70.0, 25541.0, Non-Bite
-2.451662540435791, 0.217925563454628, 9.806650161743164, 70.0, 25611.0, Non-Bite
-2.5197644233703613, 0.217925563454628, 9.452521324157715, 70.0, 25681.0, Non-Bite
-1.8659876585006714, 0.34050869941711426, 9.765789031982422, 70.0, 25751.0, Non-Bite
-2.0975334644317627, 0.19068486988544464, 11.141444206237793, 70.0, 25821.0, Non-Bite
-2.7921712398529053, 0.9125633239746094, 10.991621017456055, 70.0, 25891.0, Non-Bite
-2.8602731227874756, 0.7627394795417786, 11.250407218933105, 68.0, 25959.0, Non-Bite
-2.2882184982299805, 4.317650318145752, 10.869037628173828, 72.0, 26031.0, Non-Bite
-2.6014864444732666, 4.699019908905029, 8.88046646118164, 70.0, 26101.0, Non-Bite
-2.0566725730895996, 5.856749534606934, 7.995143890380859, 68.0, 26169.0, Non-Bite
-0.871702253818512, 6.156397342681885, 4.671779155731201, 71.0, 26240.0, Non-Bite
-0.6810173988342285, 5.815888404846191, 3.745595693588257, 71.0, 26311.0, Non-Bite
1.0215260982513428, 6.238119125366211, 3.255263090133667, 70.0, 26381.0, Non-Bite
-0.19068486988544464, 7.314126491546631, 4.549196243286133, 70.0, 26451.0, Non-Bite
0.40861043334007263, 8.539958000183105, 5.434518814086914, 70.0, 26521.0, Non-Bite
-0.217925563454628, 8.458235740661621, 5.775027275085449, 70.0, 26591.0, Non-Bite
0.19068486988544464, 7.736357688903809, 5.706925868988037, 70.0, 26661.0, Non-Bite
2.0294318199157715, 7.654635429382324, 3.7047345638275146, 70.0, 26731.0, Non-Bite
2.2473573684692383, 10.256121635437012, 4.399372100830078, 70.0, 26801.0, Non-Bite
0.217925563454628, 8.730643272399902, 4.167826175689697, 70.0, 26871.0, Non-Bite
1.6344417333602905, 9.193735122680664, 5.094009876251221, 68.0, 26939.0, Non-Bite
2.179255723953247, 8.839605331420898, 3.827317714691162, 72.0, 27011.0, Non-Bite
1.757024884223938, 8.921327590942383, 3.5957717895507813, 70.0, 27081.0, Non-Bite
1.757024884223938, 8.68978214263916, 3.827317714691162, 70.0, 27151.0, Non-Bite
2.0975334644317627, 8.798744201660156, 3.4459478855133057, 70.0, 27221.0, Non-Bite
2.2882184982299805, 8.499096870422363, 3.8681788444519043, 68.0, 27289.0, Non-Bite
2.3699405193328857, 8.68978214263916, 4.018002510070801, 72.0, 27361.0, Non-Bite
3.282503843307495, 8.226690292358398, 6.197257995605469, 68.0, 27429.0, Non-Bite
1.0623871088027954, 9.30269718170166, 3.473188638687134, 71.0, 27500.0, Non-Bite
3.827317714691162, 9.5342435836792, 3.0645782947540283, 71.0, 27571.0, Non-Bite
0.40861043334007263, 8.076866149902344, 0.6401563286781311, 70.0, 27641.0, Non-Bite
-5.734166622161865, 9.261836051940918, 2.2882184982299805, 70.0, 27711.0, Non-Bite
-4.93056583404541, 8.417374610900879, 3.473188638687134, 70.0, 27781.0, Non-Bite
-4.2086873054504395, 7.9679036140441895, 1.7161637544631958, 70.0, 27851.0, Non-Bite
-1.9477096796035767, 7.000858783721924, 4.2086873054504395, 70.0, 27921.0, Non-Bite
-1.5663399696350098, 8.376513481140137, 3.214401960372925, 70.0, 27991.0, Non-Bite
-5.393657684326172, 9.575104713439941, 2.3290793895721436, 68.0, 28059.0, Non-Bite
-4.058863639831543, 8.185829162597656, 2.451662540435791, 72.0, 28131.0, Non-Bite
-3.4050869941711426, 8.608059883117676, 2.3699405193328857, 70.0, 28201.0, Non-Bite
-2.9011340141296387, 8.308412551879883, 1.906848669052124, 70.0, 28271.0, Non-Bite
-4.7398810386657715, 8.376513481140137, 2.0294318199157715, 70.0, 28341.0, Non-Bite
-3.473188638687134, 8.539958000183105, 1.9885708093643188, 70.0, 28411.0, Non-Bite
-2.3699405193328857, 8.539958000183105, 2.2473573684692383, 68.0, 28479.0, Non-Bite
-2.982856035232544, 8.68978214263916, 2.478903293609619, 72.0, 28551.0, Non-Bite
-2.71044921875, 8.730643272399902, 2.0294318199157715, 70.0, 28621.0, Non-Bite
-2.6014864444732666, 8.458235740661621, 2.410801649093628, 69.0, 28690.0, Non-Bite
-2.8602731227874756, 8.771504402160645, 1.7978858947753906, 70.0, 28760.0, Non-Bite
-4.167826175689697, 8.798744201660156, 2.8330323696136475, 71.0, 28831.0, Non-Bite
-2.751310348510742, 8.417374610900879, 2.2473573684692383, 70.0, 28901.0, Non-Bite
-3.8681788444519043, 7.504811763763428, 3.9771416187286377, 68.0, 28969.0, Non-Bite
-2.6014864444732666, 7.232404708862305, 2.9011340141296387, 72.0, 29041.0, Non-Bite
-3.323364734649658, 6.319841384887695, 2.6014864444732666, 70.0, 29111.0, Non-Bite
-1.757024884223938, 2.982856035232544, 4.018002510070801, 70.0, 29181.0, Non-Bite
-3.554910659790039, 4.249548435211182, 7.7635979652404785, 70.0, 29251.0, Non-Bite
-7.423089504241943, 1.906848669052124, 12.898468971252441, 70.0, 29321.0, Non-Bite
-2.7921712398529053, 1.334794044494629, 12.326415061950684, 70.0, 29391.0, Non-Bite
-2.8330323696136475, 0.34050869941711426, 13.252598762512207, 70.0, 29461.0, Non-Bite
-2.941995143890381, -0.29964765906333923, 10.337843894958496, 70.0, 29531.0, Non-Bite
-1.8659876585006714, 0.108962781727314, 9.833890914916992, 70.0, 29601.0, Non-Bite
-2.5197644233703613, 0.29964765906333923, 9.343558311462402, 70.0, 29671.0, Non-Bite
-2.2473573684692383, 0.3813697397708893, 10.065437316894531, 70.0, 29741.0, Non-Bite
-2.8330323696136475, 0.34050869941711426, 9.493382453918457, 70.0, 29811.0, Non-Bite
-2.478903293609619, 0.40861043334007263, 8.771504402160645, 70.0, 29881.0, Non-Bite
-4.167826175689697, 0.34050869941711426, 9.806650161743164, 70.0, 29951.0, Non-Bite
-3.0918190479278564, 0.29964765906333923, 9.411660194396973, 69.0, 30020.0, Non-Bite
-2.9011340141296387, 0.14982382953166962, 8.962188720703125, 70.0, 30090.0, Non-Bite
-3.514049768447876, 0.5720546245574951, 9.220975875854492, 71.0, 30161.0, Non-Bite
-3.214401960372925, 0.3813697397708893, 9.030290603637695, 70.0, 30231.0, Non-Bite
-3.6366329193115234, 0.29964765906333923, 9.343558311462402, 70.0, 30301.0, Non-Bite
-3.4459478855133057, 0.4903325140476227, 9.030290603637695, 70.0, 30371.0, Non-Bite
-3.323364734649658, 0.217925563454628, 9.152873992919922, 70.0, 30441.0, Non-Bite
-3.745595693588257, 0.3813697397708893, 9.30269718170166, 70.0, 30511.0, Non-Bite
-3.0645782947540283, 0.44947147369384766, 9.030290603637695, 70.0, 30581.0, Non-Bite
-3.5957717895507813, 0.3813697397708893, 9.343558311462402, 70.0, 30651.0, Non-Bite
-3.282503843307495, 0.29964765906333923, 9.193735122680664, 70.0, 30721.0, Non-Bite
-3.473188638687134, 0.34050869941711426, 9.11201286315918, 70.0, 30791.0, Non-Bite
-3.473188638687134, 0.29964765906333923, 9.193735122680664, 70.0, 30861.0, Non-Bite
-3.4050869941711426, 0.29964765906333923, 9.030290603637695, 70.0, 30931.0, Non-Bite
-3.5957717895507813, 0.2587866187095642, 9.30269718170166, 70.0, 31001.0, Non-Bite
-3.4050869941711426, 0.29964765906333923, 9.193735122680664, 68.0, 31069.0, Non-Bite
-3.3642258644104004, 0.217925563454628, 9.152873992919922, 72.0, 31141.0, Non-Bite
-3.5957717895507813, 0.29964765906333923, 9.193735122680664, 70.0, 31211.0, Non-Bite
-3.554910659790039, 0.19068486988544464, 9.261836051940918, 69.0, 31280.0, Non-Bite
-3.255263090133667, 0.217925563454628, 9.11201286315918, 70.0, 31350.0, Non-Bite
-3.282503843307495, 0.34050869941711426, 9.411660194396973, 71.0, 31421.0, Non-Bite
-3.1326799392700195, 0.217925563454628, 9.152873992919922, 71.0, 31492.0, Non-Bite
-3.554910659790039, 0.34050869941711426, 9.30269718170166, 67.0, 31559.0, Non-Bite
-3.282503843307495, 0.29964765906333923, 9.030290603637695, 72.0, 31631.0, Non-Bite
-3.255263090133667, 0.19068486988544464, 9.30269718170166, 70.0, 31701.0, Non-Bite
-3.4050869941711426, 0.29964765906333923, 9.193735122680664, 70.0, 31771.0, Non-Bite
-3.255263090133667, 0.3813697397708893, 9.220975875854492, 70.0, 31841.0, Non-Bite
-3.282503843307495, 0.29964765906333923, 9.30269718170166, 70.0, 31911.0, Non-Bite
-3.255263090133667, 0.19068486988544464, 9.220975875854492, 68.0, 31979.0, Non-Bite
-3.214401960372925, 0.29964765906333923, 9.193735122680664, 72.0, 32051.0, Non-Bite
-3.255263090133667, 0.29964765906333923, 9.152873992919922, 68.0, 32119.0, Non-Bite
-3.282503843307495, 0.19068486988544464, 9.193735122680664, 72.0, 32191.0, Non-Bite
-3.0918190479278564, 0.2587866187095642, 9.261836051940918, 70.0, 32261.0, Non-Bite
-3.255263090133667, 0.2587866187095642, 9.220975875854492, 68.0, 32329.0, Non-Bite
-3.282503843307495, 0.2587866187095642, 9.193735122680664, 72.0, 32401.0, Non-Bite
-3.214401960372925, 0.29964765906333923, 9.220975875854492, 70.0, 32471.0, Non-Bite
-3.255263090133667, 0.217925563454628, 9.152873992919922, 68.0, 32539.0, Non-Bite
-3.1735410690307617, 0.19068486988544464, 9.30269718170166, 71.0, 32610.0, Non-Bite
-3.0918190479278564, 0.2587866187095642, 9.152873992919922, 71.0, 32681.0, Non-Bite
-3.282503843307495, 0.217925563454628, 9.343558311462402, 70.0, 32751.0, Non-Bite
-3.1326799392700195, 0.3813697397708893, 9.30269718170166, 70.0, 32821.0, Non-Bite
-3.1735410690307617, 0.2587866187095642, 9.261836051940918, 70.0, 32891.0, Non-Bite
-3.1735410690307617, 0.44947147369384766, 9.30269718170166, 68.0, 32959.0, Non-Bite
-3.1735410690307617, 0.19068486988544464, 9.261836051940918, 72.0, 33031.0, Non-Bite
-3.282503843307495, 0.19068486988544464, 9.30269718170166, 70.0, 33101.0, Non-Bite
-3.1326799392700195, 0.217925563454628, 9.220975875854492, 70.0, 33171.0, Non-Bite
-3.1326799392700195, 0.2587866187095642, 9.30269718170166, 70.0, 33241.0, Non-Bite
-3.0645782947540283, 0.217925563454628, 9.30269718170166, 70.0, 33311.0, Non-Bite
-3.1735410690307617, 0.34050869941711426, 9.193735122680664, 68.0, 33379.0, Non-Bite
-3.323364734649658, 0.29964765906333923, 9.220975875854492, 72.0, 33451.0, Non-Bite
-3.214401960372925, 0.217925563454628, 9.220975875854492, 68.0, 33519.0, Non-Bite
-3.1326799392700195, 0.14982382953166962, 9.261836051940918, 72.0, 33591.0, Non-Bite
-3.282503843307495, 0.217925563454628, 9.30269718170166, 70.0, 33661.0, Non-Bite
-3.0918190479278564, 0.14982382953166962, 9.261836051940918, 70.0, 33731.0, Non-Bite
-3.0918190479278564, 0.29964765906333923, 9.220975875854492, 68.0, 33799.0, Non-Bite
-3.214401960372925, 0.19068486988544464, 9.452521324157715, 71.0, 33870.0, Non-Bite
-3.255263090133667, 0.2587866187095642, 9.343558311462402, 70.0, 33940.0, Non-Bite
-2.941995143890381, 0.29964765906333923, 9.11201286315918, 71.0, 34011.0, Non-Bite
-3.255263090133667, 0.217925563454628, 9.343558311462402, 70.0, 34081.0, Non-Bite
-3.255263090133667, 0.29964765906333923, 9.30269718170166, 70.0, 34151.0, Non-Bite
-3.1735410690307617, 0.2587866187095642, 9.30269718170166, 70.0, 34221.0, Non-Bite
-3.214401960372925, 0.14982382953166962, 9.30269718170166, 87.0, 34308.0, Non-Bite
-3.0645782947540283, 0.217925563454628, 9.193735122680664, 57.0, 34365.0, Non-Bite
-3.323364734649658, 0.217925563454628, 9.384419441223145, 64.0, 34429.0, Non-Bite
-3.0918190479278564, 0.2587866187095642, 9.152873992919922, 69.0, 34498.0, Non-Bite
-3.282503843307495, 0.29964765906333923, 9.261836051940918, 72.0, 34570.0, Non-Bite
-3.1326799392700195, 0.14982382953166962, 9.261836051940918, 71.0, 34641.0, Non-Bite
-3.0918190479278564, 0.29964765906333923, 9.152873992919922, 67.0, 34708.0, Non-Bite
-3.282503843307495, 0.2587866187095642, 9.220975875854492, 69.0, 34778.0, Non-Bite
-3.323364734649658, 0.14982382953166962, 9.220975875854492, 70.0, 34848.0, Non-Bite
-3.3642258644104004, 0.34050869941711426, 9.193735122680664, 70.0, 34918.0, Non-Bite
-3.255263090133667, 0.217925563454628, 9.261836051940918, 73.0, 34991.0, Non-Bite
-3.214401960372925, 0.29964765906333923, 9.261836051940918, 70.0, 35061.0, Non-Bite
-3.255263090133667, 0.34050869941711426, 9.30269718170166, 69.0, 35130.0, Non-Bite
-3.323364734649658, 0.29964765906333923, 9.30269718170166, 70.0, 35200.0, Non-Bite
-3.323364734649658, 0.217925563454628, 9.261836051940918, 71.0, 35271.0, Non-Bite
-3.323364734649658, 0.3813697397708893, 9.30269718170166, 70.0, 35341.0, Non-Bite
-3.3642258644104004, 0.14982382953166962, 9.261836051940918, 67.0, 35408.0, Non-Bite
-3.255263090133667, 0.217925563454628, 9.384419441223145, 70.0, 35478.0, Non-Bite
-3.3642258644104004, 0.34050869941711426, 9.261836051940918, 70.0, 35548.0, Non-Bite
-3.282503843307495, 0.2587866187095642, 9.261836051940918, 70.0, 35618.0, Non-Bite
-3.282503843307495, 0.19068486988544464, 9.193735122680664, 71.0, 35689.0, Non-Bite
-3.255263090133667, 0.19068486988544464, 9.220975875854492, 72.0, 35761.0, Non-Bite
-3.323364734649658, 0.29964765906333923, 9.220975875854492, 70.0, 35831.0, Non-Bite
-3.282503843307495, 0.3813697397708893, 9.384419441223145, 68.0, 35899.0, Non-Bite
-3.214401960372925, 0.19068486988544464, 9.152873992919922, 72.0, 35971.0, Non-Bite
-3.214401960372925, 0.19068486988544464, 9.261836051940918, 70.0, 36040.0, Non-Bite
-3.023717164993286, 0.29964765906333923, 9.833890914916992, 70.0, 36111.0, Non-Bite
-3.745595693588257, -0.06810174137353897, 9.956474304199219, 70.0, 36181.0, Non-Bite
-2.71044921875, 0.34050869941711426, 10.21526050567627, 70.0, 36251.0, Non-Bite
-2.5606253147125244, 1.334794044494629, 10.378705024719238, 70.0, 36321.0, Non-Bite
-1.103248119354248, 2.0566725730895996, 10.378705024719238, 69.0, 36390.0, Non-Bite
-2.669588088989258, 2.451662540435791, 12.598821640014648, 70.0, 36460.0, Non-Bite
-2.138394594192505, 4.86246395111084, 8.921327590942383, 71.0, 36531.0, Non-Bite
-1.7978858947753906, 6.238119125366211, 8.185829162597656, 70.0, 36601.0, Non-Bite
-1.7978858947753906, 3.78645658493042, 5.856749534606934, 70.0, 36671.0, Non-Bite
-0.40861043334007263, 7.000858783721924, 3.7047345638275146, 68.0, 36739.0, Non-Bite
3.255263090133667, 6.047434329986572, 4.167826175689697, 72.0, 36811.0, Non-Bite
1.8387469053268433, 6.578628063201904, 5.706925868988037, 70.0, 36881.0, Non-Bite
1.4165161848068237, 6.510526180267334, 5.51624059677124, 67.0, 36948.0, Non-Bite
-0.34050869941711426, 7.273265838623047, 5.706925868988037, 73.0, 37021.0, Non-Bite
-0.14982382953166962, 7.545672416687012, 6.238119125366211, 70.0, 37091.0, Non-Bite
-0.2587866187095642, 7.423089504241943, 5.856749534606934, 68.0, 37159.0, Non-Bite
-0.5311935544013977, 7.995143890380859, 6.578628063201904, 72.0, 37231.0, Non-Bite
-0.0, 7.804459095001221, 5.924851417541504, 70.0, 37301.0, Non-Bite
-0.8308411836624146, 7.57291316986084, 6.197257995605469, 68.0, 37369.0, Non-Bite
-0.44947147369384766, 7.654635429382324, 6.278980255126953, 72.0, 37441.0, Non-Bite
-0.0272406954318285, 7.736357688903809, 5.734166622161865, 71.0, 37512.0, Non-Bite
-0.108962781727314, 7.423089504241943, 6.00657320022583, 67.0, 37579.0, Non-Bite
-0.14982382953166962, 7.736357688903809, 6.156397342681885, 70.0, 37649.0, Non-Bite
-0.3813697397708893, 7.9679036140441895, 6.0882954597473145, 71.0, 37720.0, Non-Bite
-0.40861043334007263, 7.4639506340026855, 6.238119125366211, 70.0, 37790.0, Non-Bite
-0.34050869941711426, 7.736357688903809, 5.162111759185791, 71.0, 37861.0, Non-Bite
-0.14982382953166962, 7.232404708862305, 5.775027275085449, 70.0, 37931.0, Non-Bite
-1.1849702596664429, 7.845320224761963, 6.047434329986572, 68.0, 37999.0, Non-Bite
0.5720546245574951, 7.082581043243408, 6.387943267822266, 72.0, 38071.0, Non-Bite
-1.9477096796035767, 8.036005020141602, 7.273265838623047, 70.0, 38141.0, Non-Bite
2.642347574234009, 8.349272727966309, 4.971426963806152, 70.0, 38211.0, Non-Bite
2.2473573684692383, 8.036005020141602, 5.775027275085449, 68.0, 38279.0, Non-Bite
2.669588088989258, 6.959997653961182, 5.5843424797058105, 72.0, 38351.0, Non-Bite
1.9477096796035767, 7.423089504241943, 6.047434329986572, 70.0, 38421.0, Non-Bite
2.138394594192505, 7.423089504241943, 5.897610664367676, 70.0, 38491.0, Non-Bite
2.22011661529541, 7.57291316986084, 5.734166622161865, 68.0, 38559.0, Non-Bite
1.5254789590835571, 7.232404708862305, 6.701210975646973, 72.0, 38631.0, Non-Bite
2.3699405193328857, 7.000858783721924, 5.393657684326172, 70.0, 38701.0, Non-Bite
4.058863639831543, 5.856749534606934, 4.93056583404541, 68.0, 38769.0, Non-Bite
4.058863639831543, 5.625203609466553, 2.982856035232544, 72.0, 38841.0, Non-Bite
1.0623871088027954, 5.625203609466553, 3.745595693588257, 70.0, 38911.0, Non-Bite
-1.6344417333602905, 4.780742168426514, 5.924851417541504, 69.0, 38980.0, Non-Bite
-4.699019908905029, 3.7047345638275146, 7.736357688903809, 70.0, 39050.0, Non-Bite
-4.630918025970459, 1.757024884223938, 13.211737632751465, 71.0, 39121.0, Non-Bite
-1.7978858947753906, -0.5720546245574951, 13.674829483032227, 70.0, 39191.0, Non-Bite
-2.6014864444732666, -0.19068486988544464, 10.41956615447998, 70.0, 39261.0, Non-Bite
-0.217925563454628, -0.5311935544013977, 13.170876502990723, 71.0, 39332.0, Non-Bite
-0.9942854046821594, 0.29964765906333923, 8.648921012878418, 67.0, 39399.0, Non-Bite
-1.6072009801864624, 0.06810174137353897, 9.684066772460938, 72.0, 39471.0, Non-Bite
-1.4846179485321045, 0.0, 10.188019752502441, 70.0, 39541.0, Non-Bite
-2.451662540435791, 0.34050869941711426, 9.493382453918457, 70.0, 39611.0, Non-Bite
-3.1326799392700195, 0.06810174137353897, 9.72492790222168, 70.0, 39681.0, Non-Bite
-2.751310348510742, 0.06810174137353897, 9.343558311462402, 70.0, 39751.0, Non-Bite
-2.642347574234009, 0.14982382953166962, 9.411660194396973, 67.0, 39818.0, Non-Bite
-2.941995143890381, 0.06810174137353897, 9.384419441223145, 70.0, 39888.0, Non-Bite
-3.0918190479278564, 0.19068486988544464, 9.575104713439941, 70.0, 39958.0, Non-Bite
-2.3290793895721436, -0.0272406954318285, 9.152873992919922, 71.0, 40029.0, Non-Bite
-2.941995143890381, 0.40861043334007263, 9.220975875854492, 72.0, 40101.0, Non-Bite
-2.669588088989258, 0.19068486988544464, 9.261836051940918, 70.0, 40171.0, Non-Bite
-2.2882184982299805, 0.06810174137353897, 9.5342435836792, 68.0, 40239.0, Non-Bite
-3.1326799392700195, 0.06810174137353897, 9.575104713439941, 71.0, 40310.0, Non-Bite
-2.0294318199157715, 0.108962781727314, 9.452521324157715, 69.0, 40379.0, Non-Bite
-2.642347574234009, 0.14982382953166962, 9.5342435836792, 72.0, 40451.0, Non-Bite
-2.22011661529541, 0.19068486988544464, 9.452521324157715, 70.0, 40521.0, Non-Bite
-2.642347574234009, 0.0272406954318285, 9.72492790222168, 67.0, 40588.0, Non-Bite
-2.2882184982299805, 0.2587866187095642, 9.452521324157715, 73.0, 40661.0, Non-Bite
-2.2882184982299805, 0.34050869941711426, 9.452521324157715, 68.0, 40729.0, Non-Bite
-2.5197644233703613, 0.19068486988544464, 9.493382453918457, 72.0, 40801.0, Non-Bite
-2.642347574234009, -0.0272406954318285, 9.5342435836792, 68.0, 40869.0, Non-Bite
-2.410801649093628, 0.217925563454628, 9.452521324157715, 72.0, 40941.0, Non-Bite
-2.478903293609619, 0.217925563454628, 9.452521324157715, 70.0, 41011.0, Non-Bite
-2.451662540435791, 0.14982382953166962, 9.411660194396973, 68.0, 41078.0, Non-Bite
-2.478903293609619, 0.19068486988544464, 9.452521324157715, 72.0, 41151.0, Non-Bite
-2.5606253147125244, 0.217925563454628, 9.493382453918457, 70.0, 41221.0, Non-Bite
-2.478903293609619, 0.19068486988544464, 9.493382453918457, 70.0, 41291.0, Non-Bite
-2.451662540435791, 0.19068486988544464, 9.5342435836792, 70.0, 41361.0, Non-Bite
-2.5197644233703613, 0.217925563454628, 9.411660194396973, 70.0, 41431.0, Non-Bite
-2.6014864444732666, 0.14982382953166962, 9.452521324157715, 69.0, 41499.0, Non-Bite
-2.5197644233703613, 0.0272406954318285, 9.5342435836792, 70.0, 41570.0, Non-Bite
-2.410801649093628, 0.19068486988544464, 9.452521324157715, 71.0, 41641.0, Non-Bite
-2.5197644233703613, 0.108962781727314, 9.575104713439941, 70.0, 41711.0, Non-Bite
-2.3699405193328857, 0.14982382953166962, 9.643206596374512, 70.0, 41781.0, Non-Bite
-2.478903293609619, 0.108962781727314, 9.493382453918457, 68.0, 41849.0, Non-Bite
-2.478903293609619, 0.19068486988544464, 9.5342435836792, 72.0, 41921.0, Non-Bite
-2.478903293609619, 0.14982382953166962, 9.643206596374512, 70.0, 41991.0, Non-Bite
-2.3290793895721436, 0.217925563454628, 9.575104713439941, 68.0, 42059.0, Non-Bite
-2.451662540435791, 0.108962781727314, 9.411660194396973, 72.0, 42131.0, Non-Bite
-2.478903293609619, 0.19068486988544464, 9.493382453918457, 70.0, 42201.0, Non-Bite
-2.5606253147125244, 0.217925563454628, 9.493382453918457, 70.0, 42271.0, Non-Bite
-2.451662540435791, 0.14982382953166962, 9.411660194396973, 70.0, 42341.0, Non-Bite
-2.410801649093628, 0.108962781727314, 9.493382453918457, 68.0, 42409.0, Non-Bite
-2.478903293609619, 0.217925563454628, 9.60234546661377, 72.0, 42481.0, Non-Bite
-2.478903293609619, 0.19068486988544464, 9.493382453918457, 70.0, 42551.0, Non-Bite
-2.5606253147125244, 0.2587866187095642, 9.575104713439941, 68.0, 42619.0, Non-Bite
-2.478903293609619, 0.108962781727314, 9.60234546661377, 72.0, 42691.0, Non-Bite
-2.478903293609619, 0.14982382953166962, 9.493382453918457, 68.0, 42759.0, Non-Bite
-2.5606253147125244, 0.217925563454628, 9.493382453918457, 71.0, 42830.0, Non-Bite
-2.451662540435791, 0.06810174137353897, 9.493382453918457, 71.0, 42901.0, Non-Bite
-2.410801649093628, 0.108962781727314, 9.643206596374512, 68.0, 42969.0, Non-Bite
-2.478903293609619, 0.217925563454628, 9.5342435836792, 72.0, 43041.0, Non-Bite
-2.3699405193328857, 0.19068486988544464, 9.452521324157715, 70.0, 43111.0, Non-Bite
-2.451662540435791, 0.14982382953166962, 9.5342435836792, 70.0, 43180.0, Non-Bite
-2.3699405193328857, 0.19068486988544464, 9.493382453918457, 70.0, 43251.0, Non-Bite
-2.2882184982299805, 0.19068486988544464, 9.411660194396973, 70.0, 43321.0, Non-Bite
-2.3699405193328857, 0.217925563454628, 9.60234546661377, 70.0, 43391.0, Non-Bite
-2.451662540435791, 0.06810174137353897, 9.493382453918457, 69.0, 43460.0, Non-Bite
-2.2882184982299805, 0.19068486988544464, 9.493382453918457, 68.0, 43528.0, Non-Bite
-2.3699405193328857, 0.14982382953166962, 9.5342435836792, 70.0, 43598.0, Non-Bite
-2.3699405193328857, 0.2587866187095642, 9.5342435836792, 70.0, 43668.0, Non-Bite
-2.3699405193328857, 0.14982382953166962, 9.493382453918457, 71.0, 43739.0, Non-Bite
-2.3290793895721436, 0.19068486988544464, 9.452521324157715, 72.0, 43811.0, Non-Bite
-2.478903293609619, 0.217925563454628, 9.60234546661377, 70.0, 43881.0, Non-Bite
-2.410801649093628, 0.19068486988544464, 9.60234546661377, 67.0, 43948.0, Non-Bite
-2.3699405193328857, 0.14982382953166962, 9.575104713439941, 73.0, 44021.0, Non-Bite
-2.3699405193328857, 0.2587866187095642, 9.60234546661377, 68.0, 44089.0, Non-Bite
-2.5197644233703613, 0.19068486988544464, 9.575104713439941, 70.0, 44159.0, Non-Bite
-2.3699405193328857, 0.108962781727314, 9.5342435836792, 70.0, 44229.0, Non-Bite
-2.2473573684692383, 0.2587866187095642, 9.493382453918457, 71.0, 44300.0, Non-Bite
-2.478903293609619, 0.217925563454628, 9.72492790222168, 71.0, 44371.0, Non-Bite
-2.451662540435791, 0.217925563454628, 9.643206596374512, 68.0, 44439.0, Non-Bite
-2.22011661529541, 0.19068486988544464, 9.452521324157715, 72.0, 44511.0, Non-Bite
-2.451662540435791, 0.19068486988544464, 9.643206596374512, 70.0, 44581.0, Non-Bite
-2.451662540435791, 0.217925563454628, 9.493382453918457, 68.0, 44649.0, Non-Bite
-2.3290793895721436, 0.14982382953166962, 9.5342435836792, 70.0, 44718.0, Non-Bite
-2.478903293609619, 0.217925563454628, 9.684066772460938, 69.0, 44788.0, Non-Bite
-2.22011661529541, 0.06810174137353897, 9.5342435836792, 71.0, 44859.0, Non-Bite
-2.451662540435791, 0.2587866187095642, 9.5342435836792, 70.0, 44929.0, Non-Bite
-2.2473573684692383, 0.19068486988544464, 9.575104713439941, 72.0, 45001.0, Non-Bite
-2.138394594192505, 0.2587866187095642, 9.493382453918457, 68.0, 45069.0, Non-Bite
-2.451662540435791, 0.14982382953166962, 9.5342435836792, 70.0, 45139.0, Non-Bite
-2.410801649093628, 0.108962781727314, 9.5342435836792, 70.0, 45209.0, Non-Bite
-2.2473573684692383, 0.217925563454628, 9.60234546661377, 70.0, 45279.0, Non-Bite
-2.410801649093628, 0.14982382953166962, 9.915613174438477, 70.0, 45349.0, Non-Bite
-3.4050869941711426, 0.2587866187095642, 11.713499069213867, 70.0, 45419.0, Non-Bite
-3.4050869941711426, 0.7627394795417786, 11.645397186279297, 70.0, 45489.0, Non-Bite
-1.0623871088027954, 0.9942854046821594, 9.956474304199219, 70.0, 45559.0, Non-Bite
-1.6344417333602905, 4.317650318145752, 8.989429473876953, 70.0, 45629.0, Non-Bite
-1.5663399696350098, 5.666064739227295, 9.030290603637695, 70.0, 45699.0, Non-Bite
-3.5957717895507813, 6.047434329986572, 7.15068244934082, 70.0, 45769.0, Non-Bite
-2.5606253147125244, 5.35279655456543, 4.508335113525391, 70.0, 45839.0, Non-Bite
-2.669588088989258, 5.815888404846191, 4.821603298187256, 70.0, 45908.0, Non-Bite
-1.6344417333602905, 6.769312858581543, 3.8681788444519043, 70.0, 45979.0, Non-Bite
-1.6344417333602905, 7.804459095001221, 4.630918025970459, 70.0, 46049.0, Non-Bite
-2.71044921875, 7.545672416687012, 5.393657684326172, 70.0, 46119.0, Non-Bite
-3.6366329193115234, 9.152873992919922, 5.094009876251221, 70.0, 46189.0, Non-Bite
-3.8954193592071533, 7.736357688903809, 4.780742168426514, 70.0, 46259.0, Non-Bite
-3.323364734649658, 8.185829162597656, 4.018002510070801, 70.0, 46329.0, Non-Bite
-2.8602731227874756, 8.308412551879883, 3.1735410690307617, 70.0, 46399.0, Non-Bite
-2.9011340141296387, 7.9679036140441895, 3.8681788444519043, 70.0, 46469.0, Non-Bite
-3.282503843307495, 8.26755142211914, 3.8681788444519043, 70.0, 46539.0, Non-Bite
-3.282503843307495, 8.158588409423828, 4.4810943603515625, 70.0, 46609.0, Non-Bite
-3.0645782947540283, 8.226690292358398, 4.086104393005371, 70.0, 46679.0, Non-Bite
-3.1326799392700195, 8.226690292358398, 3.514049768447876, 70.0, 46749.0, Non-Bite
-2.5606253147125244, 8.580819129943848, 2.941995143890381, 70.0, 46819.0, Non-Bite
-2.8602731227874756, 8.580819129943848, 3.554910659790039, 70.0, 46889.0, Non-Bite
-3.0918190479278564, 8.26755142211914, 3.4459478855133057, 69.0, 46958.0, Non-Bite
-3.282503843307495, 8.185829162597656, 3.5957717895507813, 71.0, 47029.0, Non-Bite
-3.214401960372925, 7.845320224761963, 5.3119354248046875, 70.0, 47099.0, Non-Bite
-3.9362804889678955, 8.376513481140137, 4.086104393005371, 70.0, 47169.0, Non-Bite
-3.4050869941711426, 8.26755142211914, 4.358511447906494, 70.0, 47239.0, Non-Bite
-3.282503843307495, 8.376513481140137, 3.5957717895507813, 70.0, 47309.0, Non-Bite
-2.71044921875, 8.376513481140137, 3.514049768447876, 70.0, 47379.0, Non-Bite
-2.179255723953247, 8.458235740661621, 3.1735410690307617, 70.0, 47449.0, Non-Bite
-2.0566725730895996, 8.798744201660156, 2.7921712398529053, 70.0, 47519.0, Non-Bite
-2.3699405193328857, 8.349272727966309, 4.317650318145752, 70.0, 47589.0, Non-Bite
-2.138394594192505, 8.499096870422363, 3.8954193592071533, 70.0, 47659.0, Non-Bite
-0.8308411836624146, 8.458235740661621, 3.827317714691162, 70.0, 47729.0, Non-Bite
-1.7161637544631958, 8.580819129943848, 3.7047345638275146, 70.0, 47799.0, Non-Bite
-1.4846179485321045, 8.580819129943848, 3.9362804889678955, 70.0, 47869.0, Non-Bite
-0.9125633239746094, 8.499096870422363, 4.44023323059082, 70.0, 47938.0, Non-Bite
-0.108962781727314, 8.226690292358398, 4.086104393005371, 70.0, 48009.0, Non-Bite
-3.255263090133667, 8.499096870422363, 6.278980255126953, 70.0, 48079.0, Non-Bite
5.202972888946533, 5.0122880935668945, 3.1735410690307617, 70.0, 48149.0, Non-Bite
-0.06810174137353897, 4.058863639831543, 4.630918025970459, 70.0, 48219.0, Non-Bite
-5.706925868988037, 4.126965522766113, 7.886181354522705, 70.0, 48289.0, Non-Bite
-4.630918025970459, 2.7921712398529053, 10.48766803741455, 70.0, 48359.0, Non-Bite
-1.6753027439117432, 1.8387469053268433, 10.378705024719238, 70.0, 48429.0, Non-Bite
-1.7161637544631958, -0.2587866187095642, 10.21526050567627, 69.0, 48498.0, Non-Bite
-4.780742168426514, 2.5197644233703613, 13.933615684509277, 70.0, 48568.0, Non-Bite
-2.6014864444732666, 0.108962781727314, 9.220975875854492, 70.0, 48638.0, Non-Bite
-2.0294318199157715, -0.34050869941711426, 9.411660194396973, 70.0, 48708.0, Non-Bite
-2.478903293609619, 0.06810174137353897, 9.152873992919922, 73.0, 48781.0, Non-Bite
-3.3642258644104004, 0.4903325140476227, 9.11201286315918, 68.0, 48849.0, Non-Bite
-3.8954193592071533, 0.5720546245574951, 9.261836051940918, 70.0, 48919.0, Non-Bite
-3.6774938106536865, 0.14982382953166962, 8.921327590942383, 70.0, 48989.0, Non-Bite
-3.282503843307495, 0.108962781727314, 9.11201286315918, 70.0, 49059.0, Non-Bite
-3.4050869941711426, 0.34050869941711426, 9.152873992919922, 70.0, 49128.0, Non-Bite
-3.4459478855133057, 0.29964765906333923, 9.193735122680664, 70.0, 49199.0, Non-Bite
-3.4459478855133057, 0.19068486988544464, 9.152873992919922, 70.0, 49269.0, Non-Bite
-3.78645658493042, 0.19068486988544464, 9.193735122680664, 70.0, 49339.0, Non-Bite
-3.1735410690307617, 0.34050869941711426, 9.152873992919922, 69.0, 49408.0, Non-Bite
-3.4050869941711426, 0.2587866187095642, 9.071151733398438, 71.0, 49479.0, Non-Bite
-3.8954193592071533, 0.2587866187095642, 9.071151733398438, 70.0, 49548.0, Non-Bite
-3.6366329193115234, 0.14982382953166962, 8.962188720703125, 70.0, 49619.0, Non-Bite
-3.6774938106536865, 0.2587866187095642, 9.152873992919922, 70.0, 49689.0, Non-Bite
-3.6366329193115234, 0.29964765906333923, 8.989429473876953, 70.0, 49759.0, Non-Bite
-3.6774938106536865, 0.14982382953166962, 9.071151733398438, 70.0, 49829.0, Non-Bite
-3.7047345638275146, 0.2587866187095642, 9.030290603637695, 70.0, 49899.0, Non-Bite
-3.6774938106536865, 0.19068486988544464, 9.261836051940918, 70.0, 49969.0, Non-Bite
-3.5957717895507813, 0.19068486988544464, 8.921327590942383, 70.0, 50038.0, Non-Bite
-3.5957717895507813, 0.34050869941711426, 9.071151733398438, 70.0, 50109.0, Non-Bite
-3.473188638687134, 0.29964765906333923, 9.152873992919922, 70.0, 50179.0, Non-Bite
-3.4459478855133057, 0.29964765906333923, 9.030290603637695, 70.0, 50249.0, Non-Bite
-3.4050869941711426, 0.29964765906333923, 9.11201286315918, 70.0, 50319.0, Non-Bite
-3.745595693588257, 0.108962781727314, 9.152873992919922, 77.0, 50396.0, Non-Bite
-3.4459478855133057, 0.29964765906333923, 9.030290603637695, 63.0, 50459.0, Non-Bite
-3.554910659790039, 0.40861043334007263, 9.071151733398438, 69.0, 50528.0, Non-Bite
-3.4050869941711426, 0.14982382953166962, 9.11201286315918, 70.0, 50598.0, Non-Bite
-3.554910659790039, 0.2587866187095642, 9.11201286315918, 70.0, 50668.0, Non-Bite
-3.514049768447876, 0.217925563454628, 9.11201286315918, 73.0, 50741.0, Non-Bite
-3.514049768447876, 0.217925563454628, 9.071151733398438, 68.0, 50809.0, Non-Bite
-3.6366329193115234, 0.34050869941711426, 9.152873992919922, 70.0, 50879.0, Non-Bite
-3.554910659790039, 0.19068486988544464, 9.11201286315918, 69.0, 50948.0, Non-Bite
-3.473188638687134, 0.217925563454628, 9.11201286315918, 70.0, 51018.0, Non-Bite
-3.4459478855133057, 0.2587866187095642, 9.152873992919922, 70.0, 51089.0, Non-Bite
-3.554910659790039, 0.34050869941711426, 9.220975875854492, 70.0, 51158.0, Non-Bite
-3.473188638687134, 0.29964765906333923, 9.11201286315918, 70.0, 51229.0, Non-Bite
-3.4459478855133057, 0.2587866187095642, 9.071151733398438, 70.0, 51299.0, Non-Bite
-3.514049768447876, 0.29964765906333923, 9.152873992919922, 70.0, 51369.0, Non-Bite
-3.514049768447876, 0.34050869941711426, 9.152873992919922, 70.0, 51439.0, Non-Bite
-3.514049768447876, 0.29964765906333923, 9.11201286315918, 69.0, 51508.0, Non-Bite
-3.4459478855133057, 0.2587866187095642, 9.152873992919922, 70.0, 51579.0, Non-Bite
-3.4459478855133057, 0.2587866187095642, 9.11201286315918, 70.0, 51649.0, Non-Bite
-3.5957717895507813, 0.29964765906333923, 9.11201286315918, 70.0, 51719.0, Non-Bite
-3.5957717895507813, 0.34050869941711426, 9.071151733398438, 71.0, 51790.0, Non-Bite
-3.554910659790039, 0.34050869941711426, 9.11201286315918, 69.0, 51858.0, Non-Bite
-3.514049768447876, 0.2587866187095642, 9.071151733398438, 70.0, 51929.0, Non-Bite
-3.4459478855133057, 0.2587866187095642, 9.030290603637695, 70.0, 51999.0, Non-Bite
-3.5957717895507813, 0.34050869941711426, 9.11201286315918, 70.0, 52069.0, Non-Bite
-3.473188638687134, 0.34050869941711426, 9.030290603637695, 70.0, 52138.0, Non-Bite
-3.473188638687134, 0.40861043334007263, 9.030290603637695, 70.0, 52208.0, Non-Bite
-3.5957717895507813, 0.3813697397708893, 9.193735122680664, 70.0, 52279.0, Non-Bite
-3.554910659790039, 0.29964765906333923, 9.071151733398438, 70.0, 52349.0, Non-Bite
-3.514049768447876, 0.108962781727314, 9.152873992919922, 70.0, 52419.0, Non-Bite
-3.554910659790039, 0.29964765906333923, 9.071151733398438, 70.0, 52489.0, Non-Bite
-3.514049768447876, 0.217925563454628, 9.152873992919922, 70.0, 52559.0, Non-Bite
-3.554910659790039, 0.3813697397708893, 9.071151733398438, 70.0, 52629.0, Non-Bite
-3.514049768447876, 0.19068486988544464, 9.030290603637695, 70.0, 52699.0, Non-Bite
-3.6366329193115234, 0.34050869941711426, 9.11201286315918, 70.0, 52768.0, Non-Bite
-3.554910659790039, 0.29964765906333923, 9.193735122680664, 70.0, 52839.0, Non-Bite
-3.514049768447876, 0.2587866187095642, 9.11201286315918, 69.0, 52908.0, Non-Bite
-3.4459478855133057, 0.34050869941711426, 9.152873992919922, 71.0, 52979.0, Non-Bite
-3.473188638687134, 0.29964765906333923, 9.193735122680664, 70.0, 53049.0, Non-Bite
-3.514049768447876, 0.29964765906333923, 9.030290603637695, 70.0, 53119.0, Non-Bite
-3.514049768447876, 0.29964765906333923, 9.071151733398438, 70.0, 53189.0, Non-Bite
-3.554910659790039, 0.2587866187095642, 9.152873992919922, 70.0, 53259.0, Non-Bite
-3.473188638687134, 0.2587866187095642, 9.152873992919922, 70.0, 53328.0, Non-Bite
-3.4050869941711426, 0.2587866187095642, 8.989429473876953, 70.0, 53399.0, Non-Bite
-3.554910659790039, 0.34050869941711426, 9.11201286315918, 70.0, 53469.0, Non-Bite
-3.514049768447876, 0.29964765906333923, 8.989429473876953, 70.0, 53539.0, Non-Bite
-3.473188638687134, 0.108962781727314, 9.152873992919922, 70.0, 53609.0, Non-Bite
-3.4459478855133057, 0.40861043334007263, 9.152873992919922, 70.0, 53679.0, Non-Bite
-3.514049768447876, 0.217925563454628, 9.152873992919922, 70.0, 53749.0, Non-Bite
-3.4459478855133057, 0.29964765906333923, 9.030290603637695, 70.0, 53819.0, Non-Bite
-3.554910659790039, 0.29964765906333923, 9.11201286315918, 70.0, 53889.0, Non-Bite
-3.5957717895507813, 0.29964765906333923, 9.071151733398438, 69.0, 53958.0, Non-Bite
-3.473188638687134, 0.34050869941711426, 9.030290603637695, 70.0, 54028.0, Non-Bite
-3.473188638687134, 0.29964765906333923, 9.071151733398438, 71.0, 54099.0, Non-Bite
-3.514049768447876, 0.29964765906333923, 9.11201286315918, 69.0, 54168.0, Non-Bite
-3.5957717895507813, 0.34050869941711426, 9.071151733398438, 71.0, 54239.0, Non-Bite
-3.473188638687134, 0.34050869941711426, 9.193735122680664, 70.0, 54309.0, Non-Bite
-3.4459478855133057, 0.2587866187095642, 9.11201286315918, 71.0, 54380.0, Non-Bite
-3.514049768447876, 0.3813697397708893, 9.030290603637695, 68.0, 54448.0, Non-Bite
-3.473188638687134, 0.3813697397708893, 9.071151733398438, 71.0, 54518.0, Non-Bite
-3.4459478855133057, 0.29964765906333923, 9.152873992919922, 70.0, 54589.0, Non-Bite
-3.5957717895507813, 0.217925563454628, 9.193735122680664, 70.0, 54659.0, Non-Bite
-3.5957717895507813, 0.29964765906333923, 9.152873992919922, 70.0, 54729.0, Non-Bite
-3.473188638687134, 0.3813697397708893, 9.030290603637695, 70.0, 54799.0, Non-Bite
-3.554910659790039, 0.34050869941711426, 9.071151733398438, 70.0, 54869.0, Non-Bite
-3.6366329193115234, 0.217925563454628, 9.11201286315918, 70.0, 54939.0, Non-Bite
-3.514049768447876, 0.2587866187095642, 9.220975875854492, 70.0, 55009.0, Non-Bite
-3.5957717895507813, 0.29964765906333923, 9.11201286315918, 70.0, 55079.0, Non-Bite
-3.6366329193115234, 0.2587866187095642, 9.11201286315918, 70.0, 55149.0, Non-Bite
-3.4459478855133057, 0.2587866187095642, 9.030290603637695, 70.0, 55219.0, Non-Bite
-3.6774938106536865, 0.2587866187095642, 9.261836051940918, 70.0, 55288.0, Non-Bite
-3.6366329193115234, 0.34050869941711426, 9.071151733398438, 70.0, 55359.0, Non-Bite
-3.5957717895507813, 0.217925563454628, 9.60234546661377, 70.0, 55429.0, Non-Bite
-3.282503843307495, 0.108962781727314, 9.684066772460938, 70.0, 55499.0, Non-Bite
-2.179255723953247, 0.14982382953166962, 9.493382453918457, 70.0, 55569.0, Non-Bite
-2.669588088989258, 0.5720546245574951, 9.806650161743164, 71.0, 55640.0, Non-Bite
-2.3699405193328857, 1.2530720233917236, 8.68978214263916, 69.0, 55709.0, Non-Bite
-3.1326799392700195, 1.1849702596664429, 9.915613174438477, 70.0, 55779.0, Non-Bite
-1.334794044494629, 1.8659876585006714, 7.545672416687012, 70.0, 55849.0, Non-Bite
-3.78645658493042, 1.8387469053268433, 9.643206596374512, 78.0, 55927.0, Non-Bite
-3.4459478855133057, 1.103248119354248, 8.036005020141602, 92.0, 56019.0, Non-Bite
-2.22011661529541, -0.0272406954318285, 9.72492790222168, 9771.0, 65790.0, Non-Bite
-1.9885708093643188, 0.108962781727314, 9.493382453918457, 70.0, 65860.0, Non-Bite
-2.179255723953247, 0.0, 9.5342435836792, 70.0, 65930.0, Non-Bite
-2.0294318199157715, -0.0272406954318285, 9.643206596374512, 70.0, 66000.0, Non-Bite
-2.2473573684692383, 0.0272406954318285, 9.575104713439941, 70.0, 66070.0, Non-Bite
-2.179255723953247, 0.06810174137353897, 9.5342435836792, 70.0, 66140.0, Non-Bite
-2.0294318199157715, 0.06810174137353897, 9.643206596374512, 72.0, 66212.0, Non-Bite
-2.179255723953247, 0.108962781727314, 9.60234546661377, 68.0, 66280.0, Non-Bite
-1.906848669052124, 0.0272406954318285, 9.575104713439941, 71.0, 66351.0, Non-Bite
-1.9477096796035767, 0.34050869941711426, 9.60234546661377, 69.0, 66420.0, Non-Bite
-1.7978858947753906, -0.40861043334007263, 9.384419441223145, 70.0, 66490.0, Non-Bite
-2.751310348510742, -1.1441092491149902, 9.956474304199219, 70.0, 66560.0, Non-Bite
-2.0975334644317627, 2.3699405193328857, 10.337843894958496, 70.0, 66630.0, Non-Bite
-1.9477096796035767, 3.827317714691162, 9.152873992919922, 70.0, 66700.0, Non-Bite
-2.3290793895721436, 0.6401563286781311, 9.411660194396973, 70.0, 66770.0, Non-Bite
-2.0566725730895996, 0.14982382953166962, 9.684066772460938, 70.0, 66840.0, Non-Bite
-2.2473573684692383, 0.06810174137353897, 9.643206596374512, 70.0, 66910.0, Non-Bite
-2.0294318199157715, 0.0272406954318285, 9.643206596374512, 71.0, 66981.0, Non-Bite
-2.0566725730895996, 0.0272406954318285, 9.5342435836792, 70.0, 67051.0, Non-Bite
-2.179255723953247, 0.19068486988544464, 9.493382453918457, 69.0, 67120.0, Non-Bite
-2.0975334644317627, 0.14982382953166962, 9.643206596374512, 70.0, 67190.0, Non-Bite
-2.179255723953247, 0.108962781727314, 9.643206596374512, 72.0, 67262.0, Non-Bite
-2.138394594192505, 0.108962781727314, 9.5342435836792, 68.0, 67330.0, Non-Bite
-1.9885708093643188, 0.108962781727314, 9.60234546661377, 70.0, 67400.0, Non-Bite
-2.0975334644317627, 0.14982382953166962, 9.575104713439941, 70.0, 67470.0, Non-Bite
-2.179255723953247, 0.0, 9.643206596374512, 71.0, 67541.0, Non-Bite
-2.179255723953247, 0.06810174137353897, 9.5342435836792, 69.0, 67610.0, Non-Bite
-2.2473573684692383, 0.06810174137353897, 9.643206596374512, 70.0, 67680.0, Non-Bite
-2.2473573684692383, 0.0272406954318285, 9.684066772460938, 71.0, 67751.0, Non-Bite
-2.22011661529541, 0.0, 9.575104713439941, 69.0, 67820.0, Non-Bite
-2.0566725730895996, 0.06810174137353897, 9.60234546661377, 70.0, 67890.0, Non-Bite
-2.0294318199157715, 0.14982382953166962, 9.575104713439941, 70.0, 67960.0, Non-Bite
-2.138394594192505, 0.0272406954318285, 9.60234546661377, 70.0, 68030.0, Non-Bite
-2.138394594192505, 0.06810174137353897, 9.643206596374512, 70.0, 68100.0, Non-Bite
-2.138394594192505, 0.0272406954318285, 9.60234546661377, 70.0, 68170.0, Non-Bite
-2.179255723953247, 0.108962781727314, 9.643206596374512, 70.0, 68240.0, Non-Bite
-2.2882184982299805, 0.06810174137353897, 9.643206596374512, 70.0, 68310.0, Non-Bite
-2.138394594192505, 0.06810174137353897, 9.684066772460938, 70.0, 68380.0, Non-Bite
-2.22011661529541, 0.0272406954318285, 9.575104713439941, 70.0, 68450.0, Non-Bite
-2.179255723953247, 0.06810174137353897, 9.643206596374512, 71.0, 68521.0, Non-Bite
-2.179255723953247, 0.0272406954318285, 9.5342435836792, 69.0, 68590.0, Non-Bite
-2.0566725730895996, -0.0272406954318285, 9.60234546661377, 70.0, 68660.0, Non-Bite
-2.179255723953247, 0.14982382953166962, 9.60234546661377, 70.0, 68730.0, Non-Bite
-2.2473573684692383, 0.0, 9.684066772460938, 70.0, 68800.0, Non-Bite
-2.179255723953247, 0.108962781727314, 9.60234546661377, 70.0, 68870.0, Non-Bite
-2.0975334644317627, 0.06810174137353897, 9.643206596374512, 70.0, 68940.0, Non-Bite
-2.0566725730895996, 0.0272406954318285, 9.643206596374512, 71.0, 69011.0, Non-Bite
-2.0566725730895996, 0.0, 9.60234546661377, 70.0, 69081.0, Non-Bite
-2.138394594192505, 0.0, 9.60234546661377, 69.0, 69150.0, Non-Bite
-2.0975334644317627, 0.06810174137353897, 9.5342435836792, 70.0, 69220.0, Non-Bite
-2.179255723953247, 0.06810174137353897, 9.643206596374512, 70.0, 69290.0, Non-Bite
-2.0566725730895996, 0.14982382953166962, 9.643206596374512, 70.0, 69360.0, Non-Bite
-2.0294318199157715, 0.108962781727314, 9.60234546661377, 70.0, 69430.0, Non-Bite
-2.179255723953247, 0.0, 9.643206596374512, 70.0, 69500.0, Non-Bite
-1.9477096796035767, -0.14982382953166962, 9.997335433959961, 70.0, 69570.0, Non-Bite
-2.0294318199157715, -0.2587866187095642, 11.94504451751709, 70.0, 69640.0, Non-Bite
1.5663399696350098, -0.8308411836624146, 11.672637939453125, 70.0, 69710.0, Non-Bite
1.2939330339431763, -0.06810174137353897, 10.337843894958496, 71.0, 69781.0, Non-Bite
-2.179255723953247, 0.4903325140476227, 8.88046646118164, 69.0, 69850.0, Non-Bite
0.6401563286781311, 2.9011340141296387, 8.185829162597656, 70.0, 69920.0, Non-Bite
-2.138394594192505, 2.9011340141296387, 8.580819129943848, 70.0, 69990.0, Non-Bite
-2.5606253147125244, 1.2530720233917236, 8.458235740661621, 70.0, 70060.0, Non-Bite
-4.630918025970459, 1.0623871088027954, 11.604536056518555, 70.0, 70130.0, Non-Bite
-0.9942854046821594, 0.5311935544013977, 9.152873992919922, 70.0, 70200.0, Non-Bite
-2.179255723953247, -0.40861043334007263, 12.707784652709961, 70.0, 70270.0, Non-Bite
0.29964765906333923, 1.4437568187713623, 8.730643272399902, 70.0, 70340.0, Non-Bite
-0.8308411836624146, 0.29964765906333923, 9.152873992919922, 71.0, 70411.0, Non-Bite
-1.5663399696350098, -0.29964765906333923, 9.765789031982422, 69.0, 70480.0, Non-Bite
-1.2258312702178955, -0.2587866187095642, 9.60234546661377, 70.0, 70550.0, Non-Bite
-2.8602731227874756, -0.8308411836624146, 9.833890914916992, 70.0, 70620.0, Non-Bite
-1.9885708093643188, -1.1849702596664429, 9.452521324157715, 70.0, 70690.0, Non-Bite
-2.982856035232544, -1.4437568187713623, 9.220975875854492, 70.0, 70760.0, Non-Bite
-1.5254789590835571, -0.06810174137353897, 9.220975875854492, 70.0, 70830.0, Non-Bite
-2.0975334644317627, -0.29964765906333923, 9.684066772460938, 188.0, 71018.0, Non-Bite
-1.5254789590835571, -0.2587866187095642, 9.684066772460938, 3.0, 71021.0, Non-Bite
-2.642347574234009, -0.3813697397708893, 9.643206596374512, 19.0, 71040.0, Non-Bite
-2.2882184982299805, -0.2587866187095642, 9.343558311462402, 70.0, 71110.0, Non-Bite
-0.9125633239746094, -0.29964765906333923, 9.343558311462402, 70.0, 71180.0, Non-Bite
-1.1441092491149902, -0.3813697397708893, 10.1471586227417, 71.0, 71251.0, Non-Bite
-0.108962781727314, -0.3813697397708893, 10.1471586227417, 69.0, 71320.0, Non-Bite
-0.217925563454628, -0.4903325140476227, 9.72492790222168, 70.0, 71390.0, Non-Bite
1.0623871088027954, -0.40861043334007263, 9.60234546661377, 70.0, 71460.0, Non-Bite
0.7627394795417786, -0.6401563286781311, 10.296982765197754, 70.0, 71530.0, Non-Bite
0.6810173988342285, -0.44947147369384766, 9.5342435836792, 70.0, 71600.0, Non-Bite
-0.5311935544013977, -0.0272406954318285, 10.065437316894531, 71.0, 71671.0, Non-Bite
-0.2587866187095642, -0.29964765906333923, 9.684066772460938, 69.0, 71740.0, Non-Bite
-0.19068486988544464, -0.217925563454628, 9.956474304199219, 70.0, 71810.0, Non-Bite
-0.29964765906333923, -0.40861043334007263, 10.256121635437012, 70.0, 71880.0, Non-Bite
-0.108962781727314, -0.19068486988544464, 10.065437316894531, 70.0, 71950.0, Non-Bite
-0.40861043334007263, -0.29964765906333923, 9.997335433959961, 70.0, 72020.0, Non-Bite
-0.8308411836624146, -0.3813697397708893, 10.569390296936035, 70.0, 72090.0, Non-Bite
0.8308411836624146, -0.19068486988544464, 9.5342435836792, 70.0, 72160.0, Non-Bite
-0.4903325140476227, -0.14982382953166962, 9.997335433959961, 71.0, 72231.0, Non-Bite
0.7218784093856812, -0.40861043334007263, 10.256121635437012, 69.0, 72300.0, Non-Bite
0.40861043334007263, -0.2587866187095642, 10.065437316894531, 70.0, 72370.0, Non-Bite
0.7627394795417786, -0.3813697397708893, 10.760074615478516, 70.0, 72440.0, Non-Bite
0.3813697397708893, 0.6401563286781311, 9.765789031982422, 70.0, 72510.0, Non-Bite
-0.14982382953166962, 1.906848669052124, 10.1471586227417, 71.0, 72581.0, Non-Bite
-0.19068486988544464, 2.0566725730895996, 8.458235740661621, 69.0, 72650.0, Non-Bite
0.6129156351089478, 1.9885708093643188, 8.921327590942383, 70.0, 72720.0, Non-Bite
-1.6072009801864624, 1.9885708093643188, 8.771504402160645, 70.0, 72790.0, Non-Bite
-3.255263090133667, 1.9885708093643188, 10.024576187133789, 70.0, 72860.0, Non-Bite
1.7161637544631958, 1.334794044494629, 9.493382453918457, 70.0, 72930.0, Non-Bite
-3.1735410690307617, 1.4846179485321045, 9.60234546661377, 70.0, 73000.0, Non-Bite
-2.982856035232544, 1.6072009801864624, 10.296982765197754, 71.0, 73071.0, Non-Bite
-4.317650318145752, 1.5254789590835571, 8.839605331420898, 70.0, 73141.0, Non-Bite
-2.179255723953247, 1.6753027439117432, 9.411660194396973, 69.0, 73210.0, Non-Bite
-2.3290793895721436, 1.4437568187713623, 10.188019752502441, 70.0, 73280.0, Non-Bite
-1.4437568187713623, 1.4846179485321045, 9.193735122680664, 70.0, 73350.0, Non-Bite
-2.0294318199157715, 1.375655174255371, 9.411660194396973, 70.0, 73420.0, Non-Bite
-2.0975334644317627, 1.5254789590835571, 9.72492790222168, 70.0, 73490.0, Non-Bite
-1.757024884223938, 1.5254789590835571, 9.071151733398438, 70.0, 73560.0, Non-Bite
-1.6344417333602905, 1.375655174255371, 9.30269718170166, 70.0, 73630.0, Non-Bite
-2.71044921875, 1.0215260982513428, 10.1471586227417, 70.0, 73700.0, Non-Bite
-2.3699405193328857, 1.0623871088027954, 9.806650161743164, 70.0, 73770.0, Non-Bite
-2.3699405193328857, 1.2939330339431763, 9.193735122680664, 70.0, 73840.0, Non-Bite
-2.669588088989258, 1.334794044494629, 9.411660194396973, 70.0, 73910.0, Non-Bite
-2.451662540435791, 1.2258312702178955, 9.575104713439941, 70.0, 73980.0, Non-Bite
-2.179255723953247, 1.4846179485321045, 9.452521324157715, 70.0, 74050.0, Non-Bite
-2.982856035232544, 1.4165161848068237, 8.962188720703125, 71.0, 74121.0, Non-Bite
-2.410801649093628, 1.2939330339431763, 9.5342435836792, 69.0, 74190.0, Non-Bite
-1.6753027439117432, 1.2530720233917236, 9.452521324157715, 70.0, 74260.0, Non-Bite
-1.4846179485321045, 0.9125633239746094, 9.956474304199219, 70.0, 74330.0, Non-Bite
-0.0, 0.9125633239746094, 9.833890914916992, 70.0, 74400.0, Non-Bite
-0.8308411836624146, 0.6810173988342285, 10.065437316894531, 70.0, 74470.0, Non-Bite
0.6810173988342285, 0.5311935544013977, 9.806650161743164, 70.0, 74540.0, Non-Bite
0.2587866187095642, 0.953424334526062, 10.1471586227417, 70.0, 74610.0, Non-Bite
1.1441092491149902, 0.6401563286781311, 9.643206596374512, 70.0, 74680.0, Non-Bite
0.953424334526062, 0.6810173988342285, 10.337843894958496, 70.0, 74750.0, Non-Bite
-0.19068486988544464, 0.871702253818512, 10.106298446655273, 70.0, 74820.0, Non-Bite
-0.06810174137353897, 0.9942854046821594, 9.643206596374512, 70.0, 74890.0, Non-Bite
-0.29964765906333923, 1.0623871088027954, 10.256121635437012, 70.0, 74960.0, Non-Bite
0.06810174137353897, 0.9942854046821594, 10.21526050567627, 70.0, 75030.0, Non-Bite
-0.0272406954318285, 0.5311935544013977, 9.956474304199219, 70.0, 75100.0, Non-Bite
-1.0623871088027954, 1.2530720233917236, 10.48766803741455, 70.0, 75170.0, Non-Bite
-0.5720546245574951, 1.103248119354248, 9.643206596374512, 70.0, 75240.0, Non-Bite
-1.5254789590835571, 1.2530720233917236, 10.1471586227417, 71.0, 75311.0, Non-Bite
-3.3642258644104004, 2.0975334644317627, 9.643206596374512, 69.0, 75380.0, Non-Bite
-2.751310348510742, 2.2882184982299805, 8.798744201660156, 71.0, 75451.0, Non-Bite
-1.1849702596664429, 1.9477096796035767, 7.695496559143066, 70.0, 75521.0, Non-Bite
1.2939330339431763, 1.0623871088027954, 7.504811763763428, 69.0, 75590.0, Non-Bite
1.4846179485321045, 0.2587866187095642, 9.915613174438477, 70.0, 75660.0, Non-Bite
1.0623871088027954, 0.108962781727314, 11.481952667236328, 70.0, 75730.0, Non-Bite
2.3699405193328857, -1.8659876585006714, 10.991621017456055, 74.0, 75804.0, Non-Bite
-3.0918190479278564, 0.5311935544013977, 11.250407218933105, 66.0, 75870.0, Non-Bite
-1.0623871088027954, 0.19068486988544464, 8.648921012878418, 70.0, 75940.0, Non-Bite
-1.2530720233917236, -0.3813697397708893, 9.152873992919922, 70.0, 76010.0, Non-Bite
-1.6072009801864624, 0.0272406954318285, 9.684066772460938, 71.0, 76080.0, Non-Bite
-1.7161637544631958, 0.06810174137353897, 9.684066772460938, 71.0, 76152.0, Non-Bite
-1.5663399696350098, 0.0, 10.024576187133789, 68.0, 76220.0, Non-Bite
-1.7161637544631958, -0.2587866187095642, 9.575104713439941, 70.0, 76290.0, Non-Bite
-1.4165161848068237, 0.0, 9.60234546661377, 70.0, 76360.0, Non-Bite
-1.9885708093643188, -0.19068486988544464, 9.833890914916992, 70.0, 76430.0, Non-Bite
-1.375655174255371, -0.0272406954318285, 9.765789031982422, 70.0, 76500.0, Non-Bite
-1.6753027439117432, -0.2587866187095642, 9.915613174438477, 70.0, 76570.0, Non-Bite
-1.5254789590835571, -0.19068486988544464, 9.833890914916992, 70.0, 76640.0, Non-Bite
-1.5663399696350098, -0.108962781727314, 9.765789031982422, 71.0, 76711.0, Non-Bite
-1.6072009801864624, -0.0272406954318285, 9.684066772460938, 69.0, 76780.0, Non-Bite
-1.5254789590835571, -0.14982382953166962, 9.72492790222168, 70.0, 76850.0, Non-Bite
-1.6344417333602905, -0.06810174137353897, 9.765789031982422, 70.0, 76920.0, Non-Bite
-1.6072009801864624, -0.108962781727314, 9.765789031982422, 70.0, 76990.0, Non-Bite
-1.7161637544631958, -0.06810174137353897, 9.765789031982422, 70.0, 77060.0, Non-Bite
-1.6753027439117432, -0.06810174137353897, 9.806650161743164, 70.0, 77130.0, Non-Bite
-1.5254789590835571, -0.108962781727314, 9.833890914916992, 70.0, 77200.0, Non-Bite
-1.4437568187713623, -0.14982382953166962, 9.72492790222168, 70.0, 77270.0, Non-Bite
-1.5663399696350098, -0.19068486988544464, 9.806650161743164, 70.0, 77340.0, Non-Bite
-1.6344417333602905, -0.108962781727314, 9.684066772460938, 70.0, 77410.0, Non-Bite
-1.5663399696350098, -0.14982382953166962, 9.765789031982422, 70.0, 77480.0, Non-Bite
-1.6072009801864624, -0.108962781727314, 9.806650161743164, 70.0, 77550.0, Non-Bite
-1.4846179485321045, -0.14982382953166962, 9.72492790222168, 70.0, 77620.0, Non-Bite
-1.7978858947753906, -0.217925563454628, 9.765789031982422, 70.0, 77690.0, Non-Bite
-1.6753027439117432, -0.108962781727314, 9.684066772460938, 70.0, 77760.0, Non-Bite
-1.6072009801864624, -0.108962781727314, 9.72492790222168, 70.0, 77830.0, Non-Bite
-1.6753027439117432, -0.14982382953166962, 9.874752044677734, 70.0, 77900.0, Non-Bite
-1.6344417333602905, -0.19068486988544464, 9.72492790222168, 71.0, 77971.0, Non-Bite
-1.6344417333602905, -0.19068486988544464, 9.765789031982422, 69.0, 78040.0, Non-Bite
-1.5254789590835571, -0.0272406954318285, 9.72492790222168, 70.0, 78110.0, Non-Bite
-1.6072009801864624, -0.217925563454628, 9.684066772460938, 70.0, 78180.0, Non-Bite
-1.5663399696350098, -0.14982382953166962, 9.833890914916992, 70.0, 78250.0, Non-Bite
-1.5254789590835571, -0.14982382953166962, 9.684066772460938, 70.0, 78320.0, Non-Bite
-1.4846179485321045, -0.14982382953166962, 9.833890914916992, 70.0, 78390.0, Non-Bite
-1.7161637544631958, 0.0, 9.833890914916992, 70.0, 78460.0, Non-Bite
-1.5663399696350098, -0.14982382953166962, 9.806650161743164, 70.0, 78530.0, Non-Bite
-1.6072009801864624, -0.06810174137353897, 9.806650161743164, 70.0, 78600.0, Non-Bite
-1.6753027439117432, -0.108962781727314, 9.833890914916992, 70.0, 78670.0, Non-Bite
-1.6072009801864624, -0.0272406954318285, 9.765789031982422, 70.0, 78740.0, Non-Bite
-1.6072009801864624, -0.0272406954318285, 9.643206596374512, 70.0, 78810.0, Non-Bite
-1.5254789590835571, -0.14982382953166962, 9.765789031982422, 70.0, 78880.0, Non-Bite
-1.7161637544631958, -0.0272406954318285, 9.765789031982422, 70.0, 78950.0, Non-Bite
-1.5663399696350098, -0.217925563454628, 9.806650161743164, 70.0, 79020.0, Non-Bite
-1.6344417333602905, -0.06810174137353897, 9.806650161743164, 70.0, 79090.0, Non-Bite
-1.6753027439117432, -0.0272406954318285, 9.765789031982422, 70.0, 79160.0, Non-Bite
-1.6072009801864624, -0.108962781727314, 9.765789031982422, 71.0, 79231.0, Non-Bite
-1.6072009801864624, -0.0272406954318285, 9.806650161743164, 69.0, 79300.0, Non-Bite
-1.6072009801864624, -0.108962781727314, 9.806650161743164, 70.0, 79370.0, Non-Bite
-1.6072009801864624, -0.19068486988544464, 9.765789031982422, 70.0, 79440.0, Non-Bite
-1.6072009801864624, -0.06810174137353897, 9.765789031982422, 70.0, 79510.0, Non-Bite
-1.6072009801864624, -0.108962781727314, 9.72492790222168, 71.0, 79581.0, Non-Bite
-1.6753027439117432, 0.0, 9.765789031982422, 69.0, 79650.0, Non-Bite
-1.6753027439117432, -0.14982382953166962, 9.765789031982422, 70.0, 79720.0, Non-Bite
-1.5663399696350098, -0.14982382953166962, 9.765789031982422, 70.0, 79790.0, Non-Bite
-1.5254789590835571, -0.108962781727314, 9.684066772460938, 70.0, 79860.0, Non-Bite
-1.7161637544631958, -0.108962781727314, 9.806650161743164, 70.0, 79930.0, Non-Bite
-1.6753027439117432, -0.06810174137353897, 9.684066772460938, 70.0, 80000.0, Non-Bite
-1.6072009801864624, -0.06810174137353897, 9.72492790222168, 70.0, 80070.0, Non-Bite
-1.6344417333602905, -0.06810174137353897, 9.72492790222168, 70.0, 80140.0, Non-Bite
-1.6344417333602905, -0.06810174137353897, 9.765789031982422, 70.0, 80210.0, Non-Bite
-1.6072009801864624, -0.217925563454628, 9.765789031982422, 70.0, 80280.0, Non-Bite
-1.6753027439117432, -0.14982382953166962, 9.72492790222168, 70.0, 80350.0, Non-Bite
-1.7978858947753906, -0.108962781727314, 9.765789031982422, 70.0, 80420.0, Non-Bite
-1.5254789590835571, -0.19068486988544464, 9.684066772460938, 70.0, 80490.0, Non-Bite
-1.5663399696350098, -0.06810174137353897, 9.72492790222168, 72.0, 80562.0, Non-Bite
-1.7161637544631958, -0.06810174137353897, 9.72492790222168, 68.0, 80630.0, Non-Bite
-1.6344417333602905, -0.14982382953166962, 9.806650161743164, 70.0, 80700.0, Non-Bite
-1.6753027439117432, -0.06810174137353897, 9.72492790222168, 70.0, 80770.0, Non-Bite
-1.6344417333602905, -0.14982382953166962, 9.806650161743164, 70.0, 80840.0, Non-Bite
-1.6072009801864624, -0.0272406954318285, 9.765789031982422, 70.0, 80910.0, Non-Bite
-1.6344417333602905, -0.108962781727314, 9.806650161743164, 70.0, 80980.0, Non-Bite
-1.6753027439117432, -0.14982382953166962, 9.806650161743164, 70.0, 81050.0, Non-Bite
-1.6344417333602905, -0.108962781727314, 9.833890914916992, 70.0, 81120.0, Non-Bite
-1.6072009801864624, -0.108962781727314, 9.72492790222168, 70.0, 81190.0, Non-Bite
-1.6344417333602905, -0.06810174137353897, 9.765789031982422, 70.0, 81260.0, Non-Bite
-1.5663399696350098, -0.108962781727314, 9.72492790222168, 70.0, 81330.0, Non-Bite
-1.5663399696350098, -0.19068486988544464, 9.806650161743164, 70.0, 81400.0, Non-Bite
-1.6753027439117432, -0.0272406954318285, 9.806650161743164, 70.0, 81470.0, Non-Bite
-1.7161637544631958, -0.0272406954318285, 9.806650161743164, 70.0, 81540.0, Non-Bite
-2.0975334644317627, 0.0, 9.806650161743164, 70.0, 81610.0, Non-Bite
-1.7978858947753906, 0.0272406954318285, 9.493382453918457, 70.0, 81680.0, Non-Bite
-1.6344417333602905, -0.19068486988544464, 9.806650161743164, 70.0, 81750.0, Non-Bite
-1.7978858947753906, -0.8036004900932312, 9.915613174438477, 70.0, 81820.0, Non-Bite
-0.871702253818512, 0.06810174137353897, 9.806650161743164, 70.0, 81890.0, Non-Bite
-1.7978858947753906, -0.217925563454628, 9.956474304199219, 70.0, 81960.0, Non-Bite
-1.4437568187713623, -0.3813697397708893, 9.956474304199219, 70.0, 82030.0, Non-Bite
-1.6072009801864624, -0.4903325140476227, 10.024576187133789, 70.0, 82100.0, Non-Bite
-1.2258312702178955, -1.906848669052124, 13.320699691772461, 70.0, 82170.0, Non-Bite
-2.642347574234009, -8.308412551879883, 16.998193740844727, 70.0, 82240.0, Non-Bite
-0.5311935544013977, -1.2939330339431763, 13.443283081054688, 70.0, 82310.0, Non-Bite
-3.7047345638275146, 7.736357688903809, 5.965712070465088, 70.0, 82380.0, Non-Bite
-5.625203609466553, 7.232404708862305, 4.780742168426514, 70.0, 82450.0, Non-Bite
-6.959997653961182, 8.185829162597656, 1.4437568187713623, 70.0, 82520.0, Non-Bite
-3.214401960372925, 6.197257995605469, -2.410801649093628, 70.0, 82590.0, Non-Bite
-5.856749534606934, 1.6072009801864624, -5.162111759185791, 70.0, 82660.0, Non-Bite
12.217452049255371, 0.6129156351089478, -1.5254789590835571, 70.0, 82730.0, Non-Bite
-0.7627394795417786, 5.5843424797058105, -0.0, 70.0, 82800.0, Non-Bite
2.0294318199157715, 6.701210975646973, 3.023717164993286, 70.0, 82870.0, Non-Bite
0.0272406954318285, 8.376513481140137, 5.393657684326172, 74.0, 82944.0, Non-Bite
0.29964765906333923, 10.024576187133789, 4.058863639831543, 66.0, 83010.0, Non-Bite
-0.29964765906333923, 10.678352355957031, 5.666064739227295, 70.0, 83080.0, Non-Bite
-3.554910659790039, 7.736357688903809, 15.472715377807617, 70.0, 83150.0, Non-Bite
-2.0566725730895996, 8.376513481140137, 12.748645782470703, 70.0, 83220.0, Non-Bite
1.5254789590835571, 6.387943267822266, 7.273265838623047, 72.0, 83292.0, Non-Bite
4.7398810386657715, 4.86246395111084, 7.4639506340026855, 68.0, 83360.0, Non-Bite
3.5957717895507813, 5.202972888946533, 5.815888404846191, 70.0, 83430.0, Non-Bite
6.891895771026611, 3.6774938106536865, 5.0122880935668945, 70.0, 83500.0, Non-Bite
16.385278701782227, 4.167826175689697, 4.508335113525391, 70.0, 83570.0, Non-Bite
19.191070556640625, 11.33212947845459, -3.7047345638275146, 70.0, 83640.0, Non-Bite
6.347082138061523, 5.162111759185791, 13.511384963989258, 70.0, 83710.0, Non-Bite
-19.912948608398438, -16.889230728149414, 9.915613174438477, 70.0, 83780.0, Non-Bite
0.8308411836624146, 0.2587866187095642, -0.3813697397708893, 70.0, 83850.0, Non-Bite
-0.06810174137353897, 7.423089504241943, 1.1849702596664429, 72.0, 83922.0, Non-Bite
-1.0215260982513428, 8.458235740661621, 4.671779155731201, 68.0, 83990.0, Non-Bite
-1.375655174255371, 7.654635429382324, 9.11201286315918, 70.0, 84060.0, Non-Bite
-0.19068486988544464, 4.126965522766113, 12.285553932189941, 70.0, 84130.0, Non-Bite
1.9477096796035767, -1.4165161848068237, 12.980191230773926, 70.0, 84200.0, Non-Bite
2.3290793895721436, -3.473188638687134, 14.206022262573242, 70.0, 84270.0, Non-Bite
2.669588088989258, -4.4810943603515625, 8.730643272399902, 71.0, 84341.0, Non-Bite
0.6401563286781311, -4.4810943603515625, 6.891895771026611, 69.0, 84410.0, Non-Bite
-4.971426963806152, -6.156397342681885, 18.305747985839844, 70.0, 84480.0, Non-Bite
0.5311935544013977, 0.7218784093856812, 3.0645782947540283, 70.0, 84550.0, Non-Bite
0.7218784093856812, 2.7921712398529053, 10.296982765197754, 70.0, 84620.0, Non-Bite
-1.0623871088027954, -0.6401563286781311, 12.748645782470703, 70.0, 84690.0, Non-Bite
-2.410801649093628, -0.7627394795417786, 8.349272727966309, 70.0, 84760.0, Non-Bite
-3.7047345638275146, -0.2587866187095642, 10.21526050567627, 70.0, 84830.0, Non-Bite
-2.0294318199157715, -0.19068486988544464, 9.643206596374512, 70.0, 84900.0, Non-Bite
-2.478903293609619, -0.0272406954318285, 9.575104713439941, 70.0, 84970.0, Non-Bite
-2.2473573684692383, -0.44947147369384766, 9.411660194396973, 70.0, 85040.0, Non-Bite
-2.5606253147125244, -0.44947147369384766, 9.60234546661377, 70.0, 85110.0, Non-Bite
-2.642347574234009, -0.3813697397708893, 9.493382453918457, 70.0, 85180.0, Non-Bite
-2.71044921875, -0.3813697397708893, 9.5342435836792, 70.0, 85250.0, Non-Bite
-2.3290793895721436, -0.2587866187095642, 9.411660194396973, 70.0, 85320.0, Non-Bite
-2.669588088989258, -0.217925563454628, 9.452521324157715, 70.0, 85390.0, Non-Bite
-2.7921712398529053, -0.29964765906333923, 9.5342435836792, 70.0, 85460.0, Non-Bite
-2.642347574234009, -0.40861043334007263, 9.452521324157715, 70.0, 85530.0, Non-Bite
-2.642347574234009, -0.29964765906333923, 9.575104713439941, 70.0, 85600.0, Non-Bite
-2.5197644233703613, -0.2587866187095642, 9.452521324157715, 71.0, 85671.0, Non-Bite
-2.6014864444732666, -0.34050869941711426, 9.452521324157715, 69.0, 85740.0, Non-Bite
-2.5197644233703613, -0.217925563454628, 9.452521324157715, 70.0, 85810.0, Non-Bite
-2.6014864444732666, -0.34050869941711426, 9.5342435836792, 70.0, 85880.0, Non-Bite
-2.2882184982299805, -0.34050869941711426, 9.452521324157715, 70.0, 85950.0, Non-Bite
-2.5197644233703613, -0.2587866187095642, 9.493382453918457, 71.0, 86021.0, Non-Bite
-2.451662540435791, -0.29964765906333923, 9.411660194396973, 69.0, 86090.0, Non-Bite
-2.669588088989258, -0.34050869941711426, 9.493382453918457, 70.0, 86160.0, Non-Bite
-2.5606253147125244, -0.34050869941711426, 9.575104713439941, 70.0, 86230.0, Non-Bite
-2.478903293609619, -0.40861043334007263, 9.384419441223145, 70.0, 86300.0, Non-Bite
-2.5197644233703613, -0.40861043334007263, 9.5342435836792, 73.0, 86373.0, Non-Bite
-2.5606253147125244, -0.40861043334007263, 9.575104713439941, 67.0, 86440.0, Non-Bite
-2.669588088989258, -0.34050869941711426, 9.5342435836792, 70.0, 86510.0, Non-Bite
-2.642347574234009, -0.34050869941711426, 9.452521324157715, 71.0, 86581.0, Non-Bite
-2.6014864444732666, -0.29964765906333923, 9.5342435836792, 69.0, 86650.0, Non-Bite
-2.5197644233703613, -0.34050869941711426, 9.452521324157715, 70.0, 86720.0, Non-Bite
-2.6014864444732666, -0.29964765906333923, 9.493382453918457, 70.0, 86790.0, Non-Bite
-2.6014864444732666, -0.3813697397708893, 9.5342435836792, 70.0, 86860.0, Non-Bite
-2.5197644233703613, -0.34050869941711426, 9.575104713439941, 71.0, 86931.0, Non-Bite
-2.5606253147125244, -0.34050869941711426, 9.452521324157715, 69.0, 87000.0, Non-Bite
-2.669588088989258, -0.2587866187095642, 9.5342435836792, 70.0, 87070.0, Non-Bite
-2.5197644233703613, -0.29964765906333923, 9.575104713439941, 70.0, 87140.0, Non-Bite
-2.478903293609619, -0.3813697397708893, 9.5342435836792, 70.0, 87210.0, Non-Bite
-2.5197644233703613, -0.40861043334007263, 9.411660194396973, 70.0, 87280.0, Non-Bite
-2.5606253147125244, -0.3813697397708893, 9.575104713439941, 70.0, 87350.0, Non-Bite
-2.451662540435791, -0.34050869941711426, 9.452521324157715, 70.0, 87420.0, Non-Bite
-2.6014864444732666, -0.217925563454628, 9.452521324157715, 70.0, 87490.0, Non-Bite
-3.7047345638275146, 0.7627394795417786, 12.476238250732422, 70.0, 87560.0, Non-Bite
