-0.34050869941711426, 0.871702253818512, 9.874752044677734, 295.0, 295.0, Non-Bite
-0.29964765906333923, 0.9125633239746094, 10.024576187133789, 70.0, 365.0, Non-Bite
-0.19068486988544464, 0.8308411836624146, 9.874752044677734, 70.0, 435.0, Non-Bite
-0.2587866187095642, 0.9125633239746094, 9.915613174438477, 70.0, 505.0, Non-Bite
-0.108962781727314, 0.8308411836624146, 9.833890914916992, 70.0, 575.0, Non-Bite
-0.34050869941711426, 0.871702253818512, 9.956474304199219, 70.0, 645.0, Non-Bite
-0.34050869941711426, 0.953424334526062, 10.065437316894531, 70.0, 715.0, Non-Bite
-0.29964765906333923, 0.871702253818512, 9.956474304199219, 70.0, 785.0, Non-Bite
-0.3813697397708893, 0.871702253818512, 9.874752044677734, 70.0, 855.0, Non-Bite
-0.108962781727314, 0.871702253818512, 9.806650161743164, 70.0, 925.0, Non-Bite
-0.34050869941711426, 0.953424334526062, 10.065437316894531, 70.0, 995.0, Non-Bite
-0.29964765906333923, 0.8308411836624146, 9.997335433959961, 70.0, 1065.0, Non-Bite
-0.2587866187095642, 0.871702253818512, 9.806650161743164, 70.0, 1135.0, Non-Bite
-0.29964765906333923, 0.953424334526062, 10.024576187133789, 70.0, 1205.0, Non-Bite
0.06810174137353897, 0.8036004900932312, 10.024576187133789, 70.0, 1275.0, Non-Bite
-0.108962781727314, 0.6129156351089478, 9.833890914916992, 70.0, 1345.0, Non-Bite
-1.4437568187713623, 0.6810173988342285, 10.678352355957031, 70.0, 1415.0, Non-Bite
1.375655174255371, 2.5197644233703613, 9.11201286315918, 70.0, 1485.0, Non-Bite
1.7161637544631958, 1.1849702596664429, 9.411660194396973, 70.0, 1555.0, Non-Bite
0.0272406954318285, -0.217925563454628, 9.261836051940918, 70.0, 1625.0, Non-Bite
-0.6401563286781311, -0.44947147369384766, 11.372990608215332, 70.0, 1695.0, Non-Bite
1.1441092491149902, -0.44947147369384766, 9.833890914916992, 70.0, 1765.0, Non-Bite
1.6344417333602905, -1.2530720233917236, 10.528529167175293, 70.0, 1835.0, Non-Bite
0.14982382953166962, -0.217925563454628, 11.713499069213867, 70.0, 1905.0, Non-Bite
-2.642347574234009, 1.6753027439117432, 11.94504451751709, 70.0, 1975.0, Non-Bite
-1.906848669052124, 3.4050869941711426, 10.610250473022461, 70.0, 2045.0, Non-Bite
0.40861043334007263, 4.971426963806152, 8.730643272399902, 70.0, 2115.0, Non-Bite
2.0294318199157715, 6.387943267822266, 6.156397342681885, 70.0, 2185.0, Non-Bite
0.19068486988544464, 6.197257995605469, 6.278980255126953, 70.0, 2255.0, Non-Bite
-1.2939330339431763, 4.167826175689697, 6.129156589508057, 70.0, 2325.0, Non-Bite
-0.9125633239746094, 3.5957717895507813, 7.736357688903809, 70.0, 2395.0, Non-Bite
-0.7627394795417786, 4.630918025970459, 6.851035118103027, 70.0, 2465.0, Non-Bite
-0.6401563286781311, 5.775027275085449, 7.57291316986084, 70.0, 2535.0, Non-Bite
-2.8330323696136475, 5.856749534606934, 7.654635429382324, 70.0, 2605.0, Non-Bite
-1.6072009801864624, 5.434518814086914, 7.423089504241943, 70.0, 2675.0, Non-Bite
-1.1441092491149902, 4.971426963806152, 7.545672416687012, 70.0, 2745.0, Non-Bite
-1.7978858947753906, 3.9771416187286377, 9.343558311462402, 70.0, 2815.0, Non-Bite
-0.19068486988544464, 3.4459478855133057, 9.411660194396973, 70.0, 2885.0, Non-Bite
-1.0623871088027954, 2.5606253147125244, 11.481952667236328, 70.0, 2955.0, Non-Bite
-0.44947147369384766, 3.323364734649658, 10.760074615478516, 71.0, 3026.0, Non-Bite
-3.3642258644104004, 3.8954193592071533, 10.256121635437012, 69.0, 3095.0, Non-Bite
-4.903325080871582, 7.000858783721924, 8.458235740661621, 71.0, 3166.0, Non-Bite
-5.393657684326172, 8.26755142211914, 5.897610664367676, 70.0, 3236.0, Non-Bite
-1.0215260982513428, 7.57291316986084, 3.6366329193115234, 70.0, 3305.0, Non-Bite
-0.7218784093856812, 6.6603498458862305, 5.5843424797058105, 69.0, 3375.0, Non-Bite
-1.4437568187713623, 5.053149223327637, 8.26755142211914, 70.0, 3445.0, Non-Bite
-2.8602731227874756, 4.249548435211182, 10.1471586227417, 71.0, 3515.0, Non-Bite
0.0272406954318285, 4.058863639831543, 8.730643272399902, 70.0, 3586.0, Non-Bite
-2.2882184982299805, 3.6774938106536865, 8.730643272399902, 69.0, 3655.0, Non-Bite
-1.9885708093643188, 3.8681788444519043, 8.771504402160645, 71.0, 3726.0, Non-Bite
-2.5197644233703613, 4.086104393005371, 8.68978214263916, 69.0, 3795.0, Non-Bite
-1.2530720233917236, 3.214401960372925, 8.349272727966309, 70.0, 3865.0, Non-Bite
-0.8308411836624146, 1.5663399696350098, 9.30269718170166, 69.0, 3935.0, Non-Bite
-0.29964765906333923, 0.34050869941711426, 9.956474304199219, 71.0, 4007.0, Non-Bite
0.0272406954318285, 2.179255723953247, 10.528529167175293, 69.0, 4076.0, Non-Bite
-1.2530720233917236, 2.751310348510742, 10.065437316894531, 70.0, 4145.0, Non-Bite
-0.3813697397708893, 2.669588088989258, 9.11201286315918, 69.0, 4215.0, Non-Bite
-0.44947147369384766, 2.2473573684692383, 8.458235740661621, 71.0, 4285.0, Non-Bite
-1.6344417333602905, 1.6072009801864624, 10.1471586227417, 70.0, 4355.0, Non-Bite
-0.217925563454628, 0.40861043334007263, 9.915613174438477, 69.0, 4425.0, Non-Bite
-1.5254789590835571, -0.953424334526062, 11.563674926757813, 70.0, 4495.0, Non-Bite
0.871702253818512, -0.8036004900932312, 10.828176498413086, 71.0, 4565.0, Non-Bite
1.103248119354248, -0.29964765906333923, 10.256121635437012, 69.0, 4635.0, Non-Bite
2.3290793895721436, -0.44947147369384766, 9.030290603637695, 71.0, 4705.0, Non-Bite
1.8659876585006714, -0.4903325140476227, 10.378705024719238, 70.0, 4776.0, Non-Bite
2.5197644233703613, -0.06810174137353897, 9.343558311462402, 69.0, 4845.0, Non-Bite
1.9885708093643188, -0.34050869941711426, 10.41956615447998, 71.0, 4916.0, Non-Bite
0.217925563454628, -0.9125633239746094, 11.10058307647705, 70.0, 4985.0, Non-Bite
1.4437568187713623, 0.7218784093856812, 9.30269718170166, 70.0, 5055.0, Non-Bite
2.669588088989258, 2.0975334644317627, 8.076866149902344, 69.0, 5125.0, Non-Bite
4.630918025970459, 1.0215260982513428, 7.4639506340026855, 70.0, 5195.0, Non-Bite
3.9771416187286377, -0.6401563286781311, 8.648921012878418, 70.0, 5266.0, Non-Bite
2.5606253147125244, -1.5663399696350098, 16.344417572021484, 71.0, 5337.0, Non-Bite
0.06810174137353897, -0.14982382953166962, 10.610250473022461, 322.0, 5659.0, Non-Bite
-0.108962781727314, 1.2939330339431763, 10.1471586227417, 3.0, 5662.0, Non-Bite
1.0215260982513428, 0.14982382953166962, 9.915613174438477, 3.0, 5665.0, Non-Bite
1.0623871088027954, 0.6129156351089478, 9.956474304199219, 1.0, 5666.0, Non-Bite
0.6810173988342285, 0.6129156351089478, 10.106298446655273, 19.0, 5685.0, Non-Bite
0.06810174137353897, 0.871702253818512, 10.065437316894531, 70.0, 5755.0, Non-Bite
0.3813697397708893, 0.6129156351089478, 10.065437316894531, 71.0, 5826.0, Non-Bite
0.5720546245574951, 0.6129156351089478, 9.915613174438477, 69.0, 5895.0, Non-Bite
0.6401563286781311, 0.7627394795417786, 9.833890914916992, 70.0, 5965.0, Non-Bite
0.4903325140476227, 0.7627394795417786, 9.997335433959961, 70.0, 6035.0, Non-Bite
0.6810173988342285, 0.6129156351089478, 9.874752044677734, 71.0, 6105.0, Non-Bite
0.6401563286781311, 0.6401563286781311, 9.874752044677734, 69.0, 6175.0, Non-Bite
0.6401563286781311, 0.7218784093856812, 9.915613174438477, 69.0, 6245.0, Non-Bite
0.7218784093856812, 0.7627394795417786, 9.915613174438477, 70.0, 6315.0, Non-Bite
0.6129156351089478, 0.6129156351089478, 9.915613174438477, 69.0, 6385.0, Non-Bite
0.6401563286781311, 0.5720546245574951, 9.874752044677734, 71.0, 6456.0, Non-Bite
0.6129156351089478, 0.7627394795417786, 9.956474304199219, 70.0, 6526.0, Non-Bite
0.44947147369384766, 0.6810173988342285, 9.997335433959961, 69.0, 6595.0, Non-Bite
0.6401563286781311, 0.6810173988342285, 9.915613174438477, 70.0, 6665.0, Non-Bite
0.6129156351089478, 0.8308411836624146, 9.956474304199219, 70.0, 6735.0, Non-Bite
0.8308411836624146, 0.6810173988342285, 9.874752044677734, 71.0, 6806.0, Non-Bite
0.6810173988342285, 0.6810173988342285, 9.956474304199219, 69.0, 6875.0, Non-Bite
0.7218784093856812, 0.5311935544013977, 9.915613174438477, 70.0, 6945.0, Non-Bite
0.5720546245574951, 0.6401563286781311, 9.956474304199219, 71.0, 7016.0, Non-Bite
0.44947147369384766, 0.7218784093856812, 9.956474304199219, 70.0, 7086.0, Non-Bite
0.5311935544013977, 0.7627394795417786, 9.874752044677734, 69.0, 7155.0, Non-Bite
0.217925563454628, 0.6129156351089478, 10.256121635437012, 71.0, 7225.0, Non-Bite
0.6810173988342285, 0.5720546245574951, 9.833890914916992, 69.0, 7295.0, Non-Bite
0.6810173988342285, 0.6129156351089478, 9.72492790222168, 69.0, 7365.0, Non-Bite
0.5720546245574951, 0.8036004900932312, 9.833890914916992, 70.0, 7435.0, Non-Bite
0.5311935544013977, 0.5311935544013977, 10.065437316894531, 71.0, 7506.0, Non-Bite
0.2587866187095642, 0.6129156351089478, 10.1471586227417, 69.0, 7575.0, Non-Bite
0.4903325140476227, 0.40861043334007263, 10.024576187133789, 69.0, 7645.0, Non-Bite
0.7218784093856812, 0.6401563286781311, 9.833890914916992, 69.0, 7715.0, Non-Bite
0.6129156351089478, 0.6810173988342285, 10.024576187133789, 70.0, 7785.0, Non-Bite
0.6401563286781311, 0.6401563286781311, 9.874752044677734, 72.0, 7857.0, Non-Bite
0.5311935544013977, 0.6129156351089478, 10.1471586227417, 68.0, 7925.0, Non-Bite
0.8036004900932312, 0.6401563286781311, 9.956474304199219, 70.0, 7995.0, Non-Bite
0.5720546245574951, 0.7218784093856812, 9.997335433959961, 71.0, 8065.0, Non-Bite
0.7218784093856812, 0.6810173988342285, 9.833890914916992, 69.0, 8135.0, Non-Bite
0.4903325140476227, 0.6810173988342285, 9.956474304199219, 70.0, 8206.0, Non-Bite
0.8308411836624146, 0.7627394795417786, 9.956474304199219, 70.0, 8275.0, Non-Bite
0.6401563286781311, 0.6810173988342285, 9.997335433959961, 69.0, 8345.0, Non-Bite
0.6810173988342285, 0.7218784093856812, 10.024576187133789, 71.0, 8416.0, Non-Bite
0.6810173988342285, 0.6401563286781311, 9.956474304199219, 70.0, 8486.0, Non-Bite
0.6401563286781311, 0.6810173988342285, 9.997335433959961, 69.0, 8555.0, Non-Bite
0.871702253818512, 0.5720546245574951, 10.296982765197754, 77.0, 8632.0, Non-Bite
0.953424334526062, 0.6401563286781311, 10.296982765197754, 63.0, 8695.0, Non-Bite
0.7627394795417786, 0.6810173988342285, 9.643206596374512, 70.0, 8765.0, Non-Bite
0.7218784093856812, 0.8308411836624146, 10.106298446655273, 70.0, 8835.0, Non-Bite
0.7627394795417786, 0.5311935544013977, 10.065437316894531, 71.0, 8906.0, Non-Bite
0.6129156351089478, 0.6401563286781311, 10.024576187133789, 69.0, 8975.0, Non-Bite
0.953424334526062, 0.7627394795417786, 9.806650161743164, 70.0, 9045.0, Non-Bite
0.871702253818512, 0.6810173988342285, 9.874752044677734, 72.0, 9117.0, Non-Bite
0.6401563286781311, 0.7218784093856812, 9.997335433959961, 70.0, 9187.0, Non-Bite
0.9125633239746094, 0.6129156351089478, 9.915613174438477, 69.0, 9256.0, Non-Bite
0.8036004900932312, 0.7218784093856812, 9.956474304199219, 70.0, 9326.0, Non-Bite
0.8308411836624146, 0.7218784093856812, 10.024576187133789, 70.0, 9395.0, Non-Bite
0.7218784093856812, 0.8036004900932312, 9.833890914916992, 69.0, 9465.0, Non-Bite
0.6129156351089478, 0.6810173988342285, 9.997335433959961, 71.0, 9536.0, Non-Bite
0.6401563286781311, 0.7627394795417786, 10.024576187133789, 70.0, 9605.0, Non-Bite
0.871702253818512, 0.6401563286781311, 9.915613174438477, 74.0, 9680.0, Non-Bite
0.953424334526062, 0.6129156351089478, 9.915613174438477, 65.0, 9745.0, Non-Bite
0.8036004900932312, 0.7627394795417786, 9.956474304199219, 70.0, 9815.0, Non-Bite
0.8036004900932312, 0.7627394795417786, 9.915613174438477, 70.0, 9885.0, Non-Bite
0.7627394795417786, 0.7218784093856812, 9.956474304199219, 72.0, 9957.0, Non-Bite
0.9125633239746094, 0.6810173988342285, 9.915613174438477, 69.0, 10025.0, Non-Bite
0.8036004900932312, 0.7218784093856812, 9.997335433959961, 72.0, 10098.0, Non-Bite
0.8036004900932312, 0.7218784093856812, 9.874752044677734, 67.0, 10165.0, Non-Bite
0.8036004900932312, 0.7218784093856812, 10.024576187133789, 73.0, 10238.0, Non-Bite
0.7627394795417786, 0.7218784093856812, 9.956474304199219, 71.0, 10309.0, Non-Bite
0.8036004900932312, 0.8036004900932312, 9.806650161743164, 66.0, 10375.0, Non-Bite
0.9125633239746094, 0.8308411836624146, 9.874752044677734, 73.0, 10448.0, Non-Bite
0.7627394795417786, 0.6401563286781311, 9.956474304199219, 68.0, 10516.0, Non-Bite
0.8308411836624146, 0.7218784093856812, 9.956474304199219, 73.0, 10589.0, Non-Bite
1.0215260982513428, 0.7218784093856812, 9.915613174438477, 66.0, 10655.0, Non-Bite
0.6401563286781311, 0.5720546245574951, 9.874752044677734, 73.0, 10728.0, Non-Bite
0.5311935544013977, 0.7627394795417786, 10.024576187133789, 68.0, 10796.0, Non-Bite
0.5720546245574951, 0.8036004900932312, 9.915613174438477, 72.0, 10868.0, Non-Bite
0.5311935544013977, 0.6401563286781311, 9.874752044677734, 67.0, 10935.0, Non-Bite
0.44947147369384766, 0.6129156351089478, 9.997335433959961, 73.0, 11007.0, Non-Bite
0.5311935544013977, 0.8036004900932312, 9.956474304199219, 68.0, 11075.0, Non-Bite
0.5720546245574951, 0.8036004900932312, 9.997335433959961, 72.0, 11148.0, Non-Bite
0.5720546245574951, 0.7627394795417786, 9.997335433959961, 68.0, 11216.0, Non-Bite
0.40861043334007263, 0.6401563286781311, 9.997335433959961, 72.0, 11288.0, Non-Bite
0.4903325140476227, 0.7627394795417786, 10.024576187133789, 68.0, 11356.0, Non-Bite
0.5311935544013977, 0.871702253818512, 9.915613174438477, 72.0, 11428.0, Non-Bite
0.5720546245574951, 0.6810173988342285, 9.956474304199219, 67.0, 11495.0, Non-Bite
0.44947147369384766, 0.7218784093856812, 9.874752044677734, 73.0, 11568.0, Non-Bite
0.6401563286781311, 0.8036004900932312, 9.997335433959961, 68.0, 11635.0, Non-Bite
0.3813697397708893, 0.6401563286781311, 9.956474304199219, 71.0, 11707.0, Non-Bite
0.19068486988544464, 0.40861043334007263, 10.21526050567627, 71.0, 11778.0, Non-Bite
1.1441092491149902, 0.06810174137353897, 10.024576187133789, 67.0, 11845.0, Non-Bite
-0.8036004900932312, -0.6401563286781311, 9.874752044677734, 73.0, 11918.0, Non-Bite
-3.0645782947540283, 2.642347574234009, 12.026766777038574, 68.0, 11986.0, Non-Bite
-1.6072009801864624, 4.317650318145752, 12.898468971252441, 72.0, 12058.0, Non-Bite
0.5720546245574951, 5.393657684326172, 10.719213485717773, 67.0, 12125.0, Non-Bite
2.138394594192505, 6.238119125366211, 5.897610664367676, 73.0, 12198.0, Non-Bite
2.410801649093628, 6.319841384887695, 4.317650318145752, 68.0, 12265.0, Non-Bite
3.0918190479278564, 6.197257995605469, 3.473188638687134, 72.0, 12338.0, Non-Bite
4.399372100830078, 6.42880392074585, 3.023717164993286, 67.0, 12405.0, Non-Bite
3.1326799392700195, 6.701210975646973, 5.775027275085449, 73.0, 12478.0, Non-Bite
3.9771416187286377, 8.226690292358398, 5.625203609466553, 68.0, 12546.0, Non-Bite
3.4459478855133057, 8.68978214263916, 5.475379943847656, 72.0, 12618.0, Non-Bite
3.6366329193115234, 7.613774299621582, 5.5843424797058105, 68.0, 12686.0, Non-Bite
3.7047345638275146, 7.000858783721924, 4.93056583404541, 72.0, 12758.0, Non-Bite
2.9011340141296387, 6.851035118103027, 5.706925868988037, 69.0, 12827.0, Non-Bite
3.5957717895507813, 7.382228374481201, 5.666064739227295, 68.0, 12895.0, Non-Bite
4.249548435211182, 8.117727279663086, 5.815888404846191, 71.0, 12967.0, Non-Bite
3.0645782947540283, 7.7635979652404785, 5.162111759185791, 70.0, 13037.0, Non-Bite
3.78645658493042, 7.1915435791015625, 4.508335113525391, 69.0, 13106.0, Non-Bite
3.255263090133667, 6.851035118103027, 6.578628063201904, 72.0, 13178.0, Non-Bite
3.6366329193115234, 7.504811763763428, 6.129156589508057, 67.0, 13245.0, Non-Bite
3.023717164993286, 7.736357688903809, 5.706925868988037, 73.0, 13318.0, Non-Bite
3.9771416187286377, 7.354987621307373, 4.126965522766113, 68.0, 13386.0, Non-Bite
3.0645782947540283, 6.810173988342285, 6.510526180267334, 72.0, 13458.0, Non-Bite
4.058863639831543, 7.041719913482666, 5.543481349945068, 68.0, 13526.0, Non-Bite
2.642347574234009, 7.314126491546631, 5.434518814086914, 72.0, 13598.0, Non-Bite
4.249548435211182, 8.117727279663086, 4.7398810386657715, 68.0, 13666.0, Non-Bite
1.9477096796035767, 7.314126491546631, 7.354987621307373, 72.0, 13738.0, Non-Bite
4.399372100830078, 6.578628063201904, 6.810173988342285, 68.0, 13805.0, Non-Bite
4.93056583404541, 5.965712070465088, 6.42880392074585, 69.0, 13875.0, Non-Bite
4.780742168426514, 5.734166622161865, 6.810173988342285, 75.0, 13950.0, Non-Bite
3.6774938106536865, 6.6194891929626465, 5.706925868988037, 66.0, 14016.0, Non-Bite
4.4810943603515625, 6.537766933441162, 5.897610664367676, 73.0, 14089.0, Non-Bite
4.126965522766113, 6.319841384887695, 6.959997653961182, 66.0, 14155.0, Non-Bite
4.399372100830078, 6.891895771026611, 6.510526180267334, 72.0, 14227.0, Non-Bite
4.058863639831543, 7.000858783721924, 6.742072105407715, 70.0, 14297.0, Non-Bite
3.5957717895507813, 6.278980255126953, 5.965712070465088, 70.0, 14367.0, Non-Bite
4.126965522766113, 5.775027275085449, 5.775027275085449, 71.0, 14438.0, Non-Bite
3.745595693588257, 6.578628063201904, 6.129156589508057, 68.0, 14506.0, Non-Bite
3.827317714691162, 7.382228374481201, 7.423089504241943, 72.0, 14578.0, Non-Bite
3.8954193592071533, 6.742072105407715, 6.742072105407715, 68.0, 14645.0, Non-Bite
3.7047345638275146, 6.129156589508057, 5.706925868988037, 72.0, 14718.0, Non-Bite
3.9362804889678955, 5.856749534606934, 6.347082138061523, 67.0, 14785.0, Non-Bite
4.126965522766113, 6.387943267822266, 6.537766933441162, 70.0, 14855.0, Non-Bite
4.126965522766113, 7.273265838623047, 6.42880392074585, 70.0, 14925.0, Non-Bite
3.9362804889678955, 6.9327569007873535, 6.578628063201904, 71.0, 14996.0, Non-Bite
3.9771416187286377, 6.387943267822266, 6.129156589508057, 72.0, 15068.0, Non-Bite
3.6366329193115234, 6.6603498458862305, 6.047434329986572, 68.0, 15135.0, Non-Bite
3.3642258644104004, 7.000858783721924, 6.510526180267334, 72.0, 15208.0, Non-Bite
3.514049768447876, 6.810173988342285, 6.156397342681885, 68.0, 15276.0, Non-Bite
3.514049768447876, 7.123441696166992, 6.238119125366211, 71.0, 15347.0, Non-Bite
3.745595693588257, 7.15068244934082, 6.347082138061523, 71.0, 15418.0, Non-Bite
3.8681788444519043, 6.197257995605469, 5.775027275085449, 67.0, 15485.0, Non-Bite
3.554910659790039, 5.897610664367676, 6.238119125366211, 72.0, 15557.0, Non-Bite
3.8954193592071533, 6.891895771026611, 6.537766933441162, 71.0, 15628.0, Non-Bite
3.282503843307495, 7.504811763763428, 7.041719913482666, 70.0, 15698.0, Non-Bite
2.179255723953247, 6.701210975646973, 7.082581043243408, 68.0, 15766.0, Non-Bite
2.9011340141296387, 5.815888404846191, 6.319841384887695, 72.0, 15838.0, Non-Bite
2.8330323696136475, 5.434518814086914, 6.510526180267334, 70.0, 15908.0, Non-Bite
4.699019908905029, 5.734166622161865, 6.00657320022583, 70.0, 15978.0, Non-Bite
4.508335113525391, 5.094009876251221, 7.7635979652404785, 70.0, 16048.0, Non-Bite
5.121250629425049, 4.821603298187256, 7.504811763763428, 67.0, 16115.0, Non-Bite
6.387943267822266, 3.7047345638275146, 8.158588409423828, 73.0, 16188.0, Non-Bite
4.399372100830078, 3.6774938106536865, 8.648921012878418, 70.0, 16258.0, Non-Bite
2.5606253147125244, 4.126965522766113, 9.765789031982422, 70.0, 16328.0, Non-Bite
0.6401563286781311, 3.1326799392700195, 9.193735122680664, 70.0, 16398.0, Non-Bite
2.982856035232544, 0.9125633239746094, 8.539958000183105, 70.0, 16468.0, Non-Bite
0.7218784093856812, -1.103248119354248, 10.719213485717773, 68.0, 16536.0, Non-Bite
1.7978858947753906, -0.29964765906333923, 9.030290603637695, 72.0, 16608.0, Non-Bite
0.6401563286781311, -1.0623871088027954, 8.349272727966309, 68.0, 16676.0, Non-Bite
1.334794044494629, -5.0122880935668945, 14.505670547485352, 69.0, 16745.0, Non-Bite
3.5957717895507813, -0.9942854046821594, 8.839605331420898, 72.0, 16817.0, Non-Bite
2.0566725730895996, 0.9942854046821594, 10.1471586227417, 69.0, 16886.0, Non-Bite
0.8036004900932312, 0.19068486988544464, 10.337843894958496, 69.0, 16955.0, Non-Bite
1.6072009801864624, 0.06810174137353897, 10.106298446655273, 71.0, 17025.0, Non-Bite
2.8330323696136475, 0.0, 9.261836051940918, 69.0, 17095.0, Non-Bite
1.8387469053268433, 0.14982382953166962, 9.874752044677734, 71.0, 17165.0, Non-Bite
1.2939330339431763, 0.06810174137353897, 10.024576187133789, 70.0, 17235.0, Non-Bite
1.7978858947753906, 0.14982382953166962, 9.806650161743164, 70.0, 17306.0, Non-Bite
1.9477096796035767, 0.0272406954318285, 9.806650161743164, 69.0, 17375.0, Non-Bite
1.906848669052124, 0.108962781727314, 9.874752044677734, 71.0, 17445.0, Non-Bite
1.8659876585006714, 0.14982382953166962, 9.997335433959961, 70.0, 17516.0, Non-Bite
1.8659876585006714, 0.06810174137353897, 9.833890914916992, 70.0, 17586.0, Non-Bite
1.9477096796035767, 0.06810174137353897, 9.806650161743164, 69.0, 17655.0, Non-Bite
1.8387469053268433, 0.0272406954318285, 9.833890914916992, 71.0, 17726.0, Non-Bite
1.6753027439117432, 0.14982382953166962, 9.915613174438477, 70.0, 17795.0, Non-Bite
1.6753027439117432, 0.108962781727314, 9.874752044677734, 70.0, 17865.0, Non-Bite
1.7978858947753906, 0.108962781727314, 9.806650161743164, 69.0, 17935.0, Non-Bite
1.8659876585006714, 0.06810174137353897, 9.806650161743164, 71.0, 18005.0, Non-Bite
1.906848669052124, 0.06810174137353897, 10.065437316894531, 70.0, 18075.0, Non-Bite
1.7978858947753906, 0.0, 9.806650161743164, 70.0, 18145.0, Non-Bite
1.7978858947753906, 0.06810174137353897, 9.874752044677734, 69.0, 18215.0, Non-Bite
1.8659876585006714, 0.06810174137353897, 9.765789031982422, 71.0, 18285.0, Non-Bite
1.8659876585006714, 0.06810174137353897, 9.874752044677734, 69.0, 18355.0, Non-Bite
2.0294318199157715, 0.108962781727314, 9.915613174438477, 70.0, 18425.0, Non-Bite
1.6072009801864624, 0.108962781727314, 9.874752044677734, 69.0, 18495.0, Non-Bite
1.6072009801864624, 0.217925563454628, 9.956474304199219, 70.0, 18565.0, Non-Bite
1.6344417333602905, 0.108962781727314, 9.833890914916992, 70.0, 18636.0, Non-Bite
1.7161637544631958, 0.06810174137353897, 9.874752044677734, 70.0, 18706.0, Non-Bite
1.6753027439117432, 0.14982382953166962, 9.915613174438477, 70.0, 18776.0, Non-Bite
1.6753027439117432, 0.108962781727314, 9.956474304199219, 70.0, 18846.0, Non-Bite
1.757024884223938, 0.19068486988544464, 9.915613174438477, 70.0, 18916.0, Non-Bite
1.6753027439117432, 0.217925563454628, 9.806650161743164, 70.0, 18985.0, Non-Bite
1.7978858947753906, -0.0272406954318285, 9.997335433959961, 70.0, 19056.0, Non-Bite
1.5663399696350098, 0.06810174137353897, 10.024576187133789, 69.0, 19125.0, Non-Bite
1.757024884223938, 0.108962781727314, 9.833890914916992, 70.0, 19196.0, Non-Bite
1.6753027439117432, 0.14982382953166962, 9.915613174438477, 70.0, 19266.0, Non-Bite
1.6072009801864624, 0.108962781727314, 10.024576187133789, 70.0, 19336.0, Non-Bite
1.906848669052124, 0.19068486988544464, 9.72492790222168, 70.0, 19406.0, Non-Bite
1.6753027439117432, 0.06810174137353897, 9.915613174438477, 70.0, 19476.0, Non-Bite
1.757024884223938, 0.108962781727314, 9.874752044677734, 70.0, 19546.0, Non-Bite
1.6072009801864624, 0.108962781727314, 9.956474304199219, 70.0, 19615.0, Non-Bite
1.7161637544631958, 0.14982382953166962, 9.874752044677734, 69.0, 19685.0, Non-Bite
1.6753027439117432, 0.06810174137353897, 9.915613174438477, 69.0, 19755.0, Non-Bite
1.757024884223938, 0.14982382953166962, 9.915613174438477, 69.0, 19825.0, Non-Bite
1.7978858947753906, 0.14982382953166962, 9.956474304199219, 71.0, 19896.0, Non-Bite
1.5254789590835571, 0.14982382953166962, 9.915613174438477, 69.0, 19965.0, Non-Bite
1.8387469053268433, 0.19068486988544464, 9.874752044677734, 71.0, 20036.0, Non-Bite
1.5663399696350098, 0.14982382953166962, 9.956474304199219, 70.0, 20106.0, Non-Bite
1.757024884223938, 0.14982382953166962, 9.874752044677734, 70.0, 20175.0, Non-Bite
1.6753027439117432, 0.14982382953166962, 9.915613174438477, 70.0, 20246.0, Non-Bite
1.757024884223938, 0.0272406954318285, 9.806650161743164, 69.0, 20315.0, Non-Bite
1.6753027439117432, 0.06810174137353897, 9.874752044677734, 71.0, 20385.0, Non-Bite
1.6344417333602905, 0.217925563454628, 9.956474304199219, 70.0, 20456.0, Non-Bite
1.6753027439117432, 0.108962781727314, 9.915613174438477, 70.0, 20526.0, Non-Bite
1.5663399696350098, 0.217925563454628, 9.874752044677734, 69.0, 20595.0, Non-Bite
1.7161637544631958, 0.108962781727314, 9.806650161743164, 71.0, 20666.0, Non-Bite
1.6072009801864624, 0.217925563454628, 9.874752044677734, 70.0, 20736.0, Non-Bite
1.6753027439117432, 0.06810174137353897, 9.915613174438477, 70.0, 20806.0, Non-Bite
1.7161637544631958, 0.217925563454628, 9.833890914916992, 69.0, 20875.0, Non-Bite
1.5254789590835571, 0.06810174137353897, 9.874752044677734, 71.0, 20945.0, Non-Bite
1.757024884223938, 0.217925563454628, 9.833890914916992, 70.0, 21016.0, Non-Bite
1.5254789590835571, 0.14982382953166962, 9.956474304199219, 70.0, 21086.0, Non-Bite
1.6753027439117432, 0.14982382953166962, 9.997335433959961, 69.0, 21155.0, Non-Bite
1.5663399696350098, 0.217925563454628, 10.024576187133789, 71.0, 21225.0, Non-Bite
1.6072009801864624, 0.19068486988544464, 9.833890914916992, 70.0, 21295.0, Non-Bite
1.6344417333602905, 0.217925563454628, 9.956474304199219, 70.0, 21365.0, Non-Bite
1.5663399696350098, 0.19068486988544464, 9.833890914916992, 69.0, 21435.0, Non-Bite
1.7161637544631958, 0.14982382953166962, 9.874752044677734, 71.0, 21506.0, Non-Bite
1.6072009801864624, 0.19068486988544464, 9.874752044677734, 69.0, 21575.0, Non-Bite
1.6753027439117432, 0.19068486988544464, 9.874752044677734, 69.0, 21645.0, Non-Bite
1.5254789590835571, 0.2587866187095642, 9.956474304199219, 70.0, 21715.0, Non-Bite
1.6753027439117432, 0.19068486988544464, 9.874752044677734, 71.0, 21785.0, Non-Bite
1.6072009801864624, 0.19068486988544464, 9.874752044677734, 70.0, 21855.0, Non-Bite
1.6753027439117432, 0.19068486988544464, 9.833890914916992, 71.0, 21927.0, Non-Bite
1.6753027439117432, 0.14982382953166962, 9.833890914916992, 68.0, 21995.0, Non-Bite
1.5254789590835571, 0.19068486988544464, 9.997335433959961, 71.0, 22065.0, Non-Bite
1.7161637544631958, 0.217925563454628, 9.833890914916992, 70.0, 22135.0, Non-Bite
1.4846179485321045, 0.108962781727314, 9.956474304199219, 70.0, 22206.0, Non-Bite
1.6072009801864624, 0.2587866187095642, 9.915613174438477, 69.0, 22275.0, Non-Bite
1.5254789590835571, 0.19068486988544464, 9.874752044677734, 70.0, 22345.0, Non-Bite
1.6344417333602905, 0.217925563454628, 9.874752044677734, 71.0, 22415.0, Non-Bite
1.5663399696350098, 0.19068486988544464, 9.915613174438477, 70.0, 22486.0, Non-Bite
1.5663399696350098, 0.217925563454628, 9.997335433959961, 70.0, 22556.0, Non-Bite
1.6072009801864624, 0.29964765906333923, 9.915613174438477, 69.0, 22625.0, Non-Bite
1.4846179485321045, 0.2587866187095642, 9.874752044677734, 71.0, 22695.0, Non-Bite
1.6344417333602905, 0.19068486988544464, 9.915613174438477, 70.0, 22766.0, Non-Bite
1.5663399696350098, 0.108962781727314, 9.833890914916992, 69.0, 22835.0, Non-Bite
1.5663399696350098, 0.217925563454628, 9.915613174438477, 70.0, 22905.0, Non-Bite
1.5254789590835571, 0.19068486988544464, 9.874752044677734, 70.0, 22975.0, Non-Bite
1.6072009801864624, 0.19068486988544464, 9.915613174438477, 70.0, 23045.0, Non-Bite
1.4846179485321045, 0.14982382953166962, 9.915613174438477, 69.0, 23115.0, Non-Bite
1.5663399696350098, 0.0272406954318285, 9.997335433959961, 71.0, 23186.0, Non-Bite
2.2882184982299805, 0.06810174137353897, 9.643206596374512, 70.0, 23256.0, Non-Bite
2.410801649093628, 0.44947147369384766, 9.411660194396973, 71.0, 23327.0, Non-Bite
1.757024884223938, 0.34050869941711426, 10.065437316894531, 70.0, 23397.0, Non-Bite
1.7978858947753906, -0.217925563454628, 9.833890914916992, 68.0, 23465.0, Non-Bite
1.0623871088027954, 0.0, 9.956474304199219, 71.0, 23536.0, Non-Bite
-5.856749534606934, 2.71044921875, 13.089154243469238, 69.0, 23605.0, Non-Bite
-5.5843424797058105, 4.018002510070801, 13.13001537322998, 71.0, 23676.0, Non-Bite
-0.217925563454628, 5.775027275085449, 7.845320224761963, 70.0, 23745.0, Non-Bite
1.4165161848068237, 4.93056583404541, 6.197257995605469, 72.0, 23818.0, Non-Bite
1.6753027439117432, 5.393657684326172, 6.047434329986572, 68.0, 23886.0, Non-Bite
1.8387469053268433, 5.51624059677124, 6.129156589508057, 70.0, 23956.0, Non-Bite
2.5197644233703613, 6.00657320022583, 6.347082138061523, 70.0, 24025.0, Non-Bite
0.9942854046821594, 8.68978214263916, 5.775027275085449, 69.0, 24095.0, Non-Bite
1.8659876585006714, 8.076866149902344, 5.924851417541504, 70.0, 24165.0, Non-Bite
1.4437568187713623, 7.000858783721924, 6.6194891929626465, 70.0, 24235.0, Non-Bite
1.2530720233917236, 6.510526180267334, 6.387943267822266, 69.0, 24305.0, Non-Bite
0.6401563286781311, 7.273265838623047, 6.319841384887695, 69.0, 24375.0, Non-Bite
0.7218784093856812, 8.608059883117676, 5.35279655456543, 71.0, 24446.0, Non-Bite
0.40861043334007263, 7.504811763763428, 7.1915435791015625, 71.0, 24517.0, Non-Bite
0.4903325140476227, 7.15068244934082, 6.6603498458862305, 69.0, 24586.0, Non-Bite
0.8308411836624146, 7.1915435791015625, 5.856749534606934, 73.0, 24659.0, Non-Bite
1.103248119354248, 7.804459095001221, 5.706925868988037, 66.0, 24725.0, Non-Bite
-0.14982382953166962, 8.185829162597656, 6.047434329986572, 70.0, 24795.0, Non-Bite
0.953424334526062, 7.000858783721924, 6.578628063201904, 70.0, 24865.0, Non-Bite
0.6129156351089478, 6.851035118103027, 6.959997653961182, 70.0, 24935.0, Non-Bite
0.6129156351089478, 7.4639506340026855, 5.856749534606934, 73.0, 25008.0, Non-Bite
0.2587866187095642, 8.185829162597656, 5.393657684326172, 68.0, 25076.0, Non-Bite
0.34050869941711426, 7.123441696166992, 6.891895771026611, 69.0, 25145.0, Non-Bite
0.2587866187095642, 6.769312858581543, 7.273265838623047, 70.0, 25215.0, Non-Bite
0.217925563454628, 7.886181354522705, 5.897610664367676, 71.0, 25286.0, Non-Bite
0.44947147369384766, 7.382228374481201, 6.0882954597473145, 70.0, 25356.0, Non-Bite
0.29964765906333923, 5.666064739227295, 7.273265838623047, 69.0, 25425.0, Non-Bite
-1.375655174255371, 7.654635429382324, 5.897610664367676, 70.0, 25495.0, Non-Bite
-3.282503843307495, 8.648921012878418, 6.0882954597473145, 70.0, 25565.0, Non-Bite
-2.8602731227874756, 8.26755142211914, 6.319841384887695, 71.0, 25635.0, Non-Bite
-0.3813697397708893, 7.804459095001221, 6.238119125366211, 70.0, 25706.0, Non-Bite
0.6401563286781311, 7.273265838623047, 5.897610664367676, 71.0, 25777.0, Non-Bite
0.9942854046821594, 7.082581043243408, 6.387943267822266, 68.0, 25845.0, Non-Bite
0.5311935544013977, 6.238119125366211, 6.959997653961182, 71.0, 25916.0, Non-Bite
0.14982382953166962, 7.57291316986084, 6.769312858581543, 69.0, 25985.0, Non-Bite
1.2939330339431763, 7.123441696166992, 5.924851417541504, 71.0, 26056.0, Non-Bite
0.19068486988544464, 7.15068244934082, 6.278980255126953, 70.0, 26126.0, Non-Bite
0.5720546245574951, 7.232404708862305, 6.278980255126953, 70.0, 26195.0, Non-Bite
0.9125633239746094, 7.995143890380859, 6.537766933441162, 70.0, 26265.0, Non-Bite
0.108962781727314, 8.158588409423828, 6.769312858581543, 70.0, 26336.0, Non-Bite
0.8036004900932312, 7.927042484283447, 5.815888404846191, 69.0, 26405.0, Non-Bite
0.7627394795417786, 7.423089504241943, 6.6603498458862305, 71.0, 26475.0, Non-Bite
1.2258312702178955, 7.423089504241943, 5.897610664367676, 70.0, 26546.0, Non-Bite
0.8036004900932312, 7.57291316986084, 5.775027275085449, 70.0, 26616.0, Non-Bite
0.6810173988342285, 8.036005020141602, 6.238119125366211, 69.0, 26685.0, Non-Bite
1.7978858947753906, 7.1915435791015625, 5.775027275085449, 71.0, 26756.0, Non-Bite
0.5720546245574951, 8.117727279663086, 6.00657320022583, 72.0, 26828.0, Non-Bite
0.3813697397708893, 8.921327590942383, 6.6603498458862305, 68.0, 26896.0, Non-Bite
1.103248119354248, 7.927042484283447, 6.278980255126953, 69.0, 26965.0, Non-Bite
1.375655174255371, 7.423089504241943, 5.3119354248046875, 72.0, 27037.0, Non-Bite
0.9125633239746094, 7.082581043243408, 5.775027275085449, 71.0, 27108.0, Non-Bite
1.5663399696350098, 7.423089504241943, 5.775027275085449, 68.0, 27175.0, Non-Bite
1.1441092491149902, 8.036005020141602, 6.156397342681885, 72.0, 27248.0, Non-Bite
1.906848669052124, 7.804459095001221, 5.706925868988037, 68.0, 27316.0, Non-Bite
0.7218784093856812, 7.845320224761963, 6.047434329986572, 72.0, 27388.0, Non-Bite
1.0215260982513428, 7.545672416687012, 6.319841384887695, 68.0, 27456.0, Non-Bite
0.8308411836624146, 7.382228374481201, 5.815888404846191, 72.0, 27528.0, Non-Bite
1.8387469053268433, 7.382228374481201, 5.734166622161865, 67.0, 27595.0, Non-Bite
0.5311935544013977, 7.545672416687012, 7.041719913482666, 73.0, 27668.0, Non-Bite
-1.5254789590835571, 7.654635429382324, 7.927042484283447, 68.0, 27735.0, Non-Bite
0.40861043334007263, 7.736357688903809, 7.041719913482666, 72.0, 27808.0, Non-Bite
2.6014864444732666, 7.7635979652404785, 8.226690292358398, 67.0, 27875.0, Non-Bite
0.6401563286781311, 7.232404708862305, 6.510526180267334, 73.0, 27948.0, Non-Bite
3.4459478855133057, 6.537766933441162, 4.2086873054504395, 68.0, 28016.0, Non-Bite
4.167826175689697, 5.897610664367676, 5.35279655456543, 72.0, 28088.0, Non-Bite
5.666064739227295, 6.047434329986572, 4.903325080871582, 67.0, 28155.0, Non-Bite
4.903325080871582, 6.00657320022583, 5.094009876251221, 73.0, 28228.0, Non-Bite
5.5843424797058105, 6.42880392074585, 4.317650318145752, 68.0, 28296.0, Non-Bite
4.821603298187256, 6.6194891929626465, 4.549196243286133, 71.0, 28367.0, Non-Bite
4.590057373046875, 6.810173988342285, 4.7398810386657715, 69.0, 28435.0, Non-Bite
2.8602731227874756, 6.387943267822266, 6.197257995605469, 72.0, 28508.0, Non-Bite
1.757024884223938, 6.278980255126953, 7.1915435791015625, 67.0, 28575.0, Non-Bite
1.4165161848068237, 5.543481349945068, 8.308412551879883, 73.0, 28648.0, Non-Bite
0.14982382953166962, 3.023717164993286, 9.997335433959961, 67.0, 28715.0, Non-Bite
-0.2587866187095642, 0.44947147369384766, 12.026766777038574, 73.0, 28787.0, Non-Bite
0.8036004900932312, -1.9477096796035767, 10.528529167175293, 68.0, 28856.0, Non-Bite
0.217925563454628, -2.0566725730895996, 9.11201286315918, 72.0, 28928.0, Non-Bite
-0.19068486988544464, -1.2530720233917236, 7.845320224761963, 67.0, 28995.0, Non-Bite
1.7161637544631958, -0.34050869941711426, 9.193735122680664, 73.0, 29068.0, Non-Bite
-0.9125633239746094, 0.7218784093856812, 10.800935745239258, 71.0, 29137.0, Non-Bite
0.6401563286781311, -0.34050869941711426, 9.643206596374512, 67.0, 29206.0, Non-Bite
1.7978858947753906, 0.19068486988544464, 9.997335433959961, 72.0, 29278.0, Non-Bite
1.906848669052124, 0.5311935544013977, 9.452521324157715, 68.0, 29346.0, Non-Bite
0.29964765906333923, 0.217925563454628, 10.188019752502441, 72.0, 29418.0, Non-Bite
-0.06810174137353897, 0.29964765906333923, 10.256121635437012, 68.0, 29486.0, Non-Bite
0.19068486988544464, 0.40861043334007263, 10.065437316894531, 70.0, 29556.0, Non-Bite
0.34050869941711426, 0.19068486988544464, 10.48766803741455, 71.0, 29627.0, Non-Bite
0.40861043334007263, -0.2587866187095642, 9.997335433959961, 71.0, 29698.0, Non-Bite
0.4903325140476227, 0.19068486988544464, 9.60234546661377, 68.0, 29765.0, Non-Bite
0.44947147369384766, 0.14982382953166962, 9.765789031982422, 72.0, 29838.0, Non-Bite
0.5311935544013977, 0.3813697397708893, 9.806650161743164, 67.0, 29905.0, Non-Bite
0.108962781727314, 0.217925563454628, 10.21526050567627, 73.0, 29978.0, Non-Bite
0.44947147369384766, -0.0272406954318285, 9.833890914916992, 68.0, 30045.0, Non-Bite
0.29964765906333923, 0.14982382953166962, 10.024576187133789, 72.0, 30118.0, Non-Bite
0.44947147369384766, 0.0272406954318285, 9.874752044677734, 67.0, 30185.0, Non-Bite
0.40861043334007263, 0.29964765906333923, 9.833890914916992, 73.0, 30258.0, Non-Bite
0.3813697397708893, 0.19068486988544464, 9.997335433959961, 68.0, 30326.0, Non-Bite
0.6401563286781311, 0.217925563454628, 9.956474304199219, 69.0, 30395.0, Non-Bite
0.217925563454628, 0.06810174137353897, 9.997335433959961, 70.0, 30465.0, Non-Bite
0.4903325140476227, 0.19068486988544464, 9.915613174438477, 70.0, 30535.0, Non-Bite
0.4903325140476227, 0.217925563454628, 9.956474304199219, 71.0, 30606.0, Non-Bite
0.44947147369384766, 0.19068486988544464, 10.024576187133789, 72.0, 30678.0, Non-Bite
0.44947147369384766, 0.3813697397708893, 10.024576187133789, 67.0, 30745.0, Non-Bite
0.40861043334007263, -0.06810174137353897, 9.956474304199219, 71.0, 30816.0, Non-Bite
0.40861043334007263, 0.14982382953166962, 9.956474304199219, 71.0, 30887.0, Non-Bite
0.40861043334007263, 0.108962781727314, 9.874752044677734, 68.0, 30955.0, Non-Bite
0.5311935544013977, 0.40861043334007263, 9.806650161743164, 71.0, 31026.0, Non-Bite
0.2587866187095642, 0.217925563454628, 10.1471586227417, 69.0, 31095.0, Non-Bite
0.3813697397708893, 0.0, 10.024576187133789, 71.0, 31165.0, Non-Bite
0.44947147369384766, 0.108962781727314, 9.72492790222168, 70.0, 31236.0, Non-Bite
0.34050869941711426, 0.3813697397708893, 9.765789031982422, 70.0, 31306.0, Non-Bite
0.40861043334007263, 0.108962781727314, 10.106298446655273, 69.0, 31375.0, Non-Bite
0.14982382953166962, 0.108962781727314, 10.21526050567627, 70.0, 31445.0, Non-Bite
0.5720546245574951, 0.06810174137353897, 9.806650161743164, 70.0, 31515.0, Non-Bite
0.4903325140476227, 0.2587866187095642, 9.915613174438477, 70.0, 31586.0, Non-Bite
0.4903325140476227, 0.14982382953166962, 9.874752044677734, 69.0, 31655.0, Non-Bite
0.6129156351089478, 0.2587866187095642, 9.997335433959961, 71.0, 31726.0, Non-Bite
0.29964765906333923, 0.217925563454628, 10.024576187133789, 70.0, 31796.0, Non-Bite
0.4903325140476227, 0.19068486988544464, 9.997335433959961, 69.0, 31865.0, Non-Bite
0.3813697397708893, 0.14982382953166962, 9.956474304199219, 69.0, 31935.0, Non-Bite
0.44947147369384766, 0.108962781727314, 10.065437316894531, 70.0, 32005.0, Non-Bite
0.40861043334007263, 0.29964765906333923, 9.956474304199219, 71.0, 32076.0, Non-Bite
0.40861043334007263, 0.06810174137353897, 9.874752044677734, 70.0, 32145.0, Non-Bite
0.44947147369384766, 0.14982382953166962, 9.997335433959961, 69.0, 32215.0, Non-Bite
0.40861043334007263, 0.0, 9.956474304199219, 70.0, 32286.0, Non-Bite
0.217925563454628, 0.19068486988544464, 10.188019752502441, 69.0, 32355.0, Non-Bite
0.217925563454628, 0.14982382953166962, 10.188019752502441, 69.0, 32425.0, Non-Bite
-0.06810174137353897, 0.14982382953166962, 10.024576187133789, 82.0, 32507.0, Non-Bite
0.0272406954318285, -0.108962781727314, 9.915613174438477, 62.0, 32569.0, Non-Bite
0.217925563454628, 0.06810174137353897, 9.997335433959961, 66.0, 32635.0, Non-Bite
0.34050869941711426, -0.29964765906333923, 9.956474304199219, 70.0, 32705.0, Non-Bite
0.3813697397708893, -0.3813697397708893, 9.806650161743164, 70.0, 32775.0, Non-Bite
0.40861043334007263, -0.108962781727314, 9.956474304199219, 73.0, 32848.0, Non-Bite
0.2587866187095642, -0.0272406954318285, 10.065437316894531, 68.0, 32916.0, Non-Bite
0.3813697397708893, -0.29964765906333923, 9.874752044677734, 69.0, 32985.0, Non-Bite
0.3813697397708893, -0.217925563454628, 10.024576187133789, 70.0, 33055.0, Non-Bite
0.2587866187095642, -0.06810174137353897, 9.806650161743164, 70.0, 33125.0, Non-Bite
0.06810174137353897, -0.14982382953166962, 9.833890914916992, 71.0, 33195.0, Non-Bite
0.217925563454628, 0.108962781727314, 9.684066772460938, 70.0, 33265.0, Non-Bite
-0.44947147369384766, 0.29964765906333923, 10.21526050567627, 70.0, 33335.0, Non-Bite
-0.34050869941711426, 0.19068486988544464, 10.065437316894531, 69.0, 33405.0, Non-Bite
-0.217925563454628, 0.06810174137353897, 9.833890914916992, 71.0, 33476.0, Non-Bite
-0.108962781727314, 0.34050869941711426, 9.806650161743164, 70.0, 33546.0, Non-Bite
-0.3813697397708893, 0.06810174137353897, 10.024576187133789, 70.0, 33616.0, Non-Bite
-0.34050869941711426, 0.3813697397708893, 10.188019752502441, 69.0, 33685.0, Non-Bite
-0.217925563454628, 0.06810174137353897, 9.833890914916992, 71.0, 33755.0, Non-Bite
-0.0, 0.0272406954318285, 9.833890914916992, 69.0, 33825.0, Non-Bite
-0.06810174137353897, 0.06810174137353897, 9.997335433959961, 70.0, 33895.0, Non-Bite
-0.0272406954318285, 0.40861043334007263, 9.765789031982422, 69.0, 33965.0, Non-Bite
0.14982382953166962, 1.1441092491149902, 10.21526050567627, 71.0, 34036.0, Non-Bite
1.0623871088027954, 1.0215260982513428, 9.72492790222168, 70.0, 34106.0, Non-Bite
-2.71044921875, -1.8659876585006714, 10.256121635437012, 69.0, 34175.0, Non-Bite
-7.613774299621582, 3.0645782947540283, 14.015337944030762, 70.0, 34245.0, Non-Bite
-3.78645658493042, 5.121250629425049, 12.054007530212402, 71.0, 34316.0, Non-Bite
1.757024884223938, 6.810173988342285, 3.6774938106536865, 70.0, 34386.0, Non-Bite
1.334794044494629, 6.701210975646973, 2.3699405193328857, 70.0, 34456.0, Non-Bite
6.129156589508057, 6.129156589508057, 1.2258312702178955, 69.0, 34525.0, Non-Bite
6.810173988342285, 6.742072105407715, 2.0975334644317627, 71.0, 34596.0, Non-Bite
4.249548435211182, 7.082581043243408, 2.5197644233703613, 70.0, 34666.0, Non-Bite
2.9011340141296387, 7.15068244934082, 3.745595693588257, 70.0, 34736.0, Non-Bite
4.549196243286133, 7.273265838623047, 2.8602731227874756, 70.0, 34806.0, Non-Bite
5.162111759185791, 9.343558311462402, 4.508335113525391, 69.0, 34875.0, Non-Bite
4.780742168426514, 8.962188720703125, 4.167826175689697, 70.0, 34945.0, Non-Bite
3.214401960372925, 7.736357688903809, 4.44023323059082, 70.0, 35015.0, Non-Bite
3.8681788444519043, 6.9327569007873535, 3.0645782947540283, 70.0, 35085.0, Non-Bite
4.358511447906494, 7.273265838623047, 4.018002510070801, 70.0, 35155.0, Non-Bite
5.202972888946533, 8.962188720703125, 5.5843424797058105, 70.0, 35225.0, Non-Bite
3.7047345638275146, 8.580819129943848, 4.4810943603515625, 73.0, 35298.0, Non-Bite
3.1735410690307617, 7.736357688903809, 3.8954193592071533, 68.0, 35366.0, Non-Bite
4.058863639831543, 7.15068244934082, 4.058863639831543, 69.0, 35435.0, Non-Bite
3.9771416187286377, 7.232404708862305, 4.126965522766113, 70.0, 35505.0, Non-Bite
4.018002510070801, 7.804459095001221, 4.971426963806152, 70.0, 35575.0, Non-Bite
3.9771416187286377, 7.804459095001221, 5.121250629425049, 70.0, 35645.0, Non-Bite
3.0645782947540283, 7.9679036140441895, 5.543481349945068, 70.0, 35715.0, Non-Bite
2.478903293609619, 8.26755142211914, 5.162111759185791, 73.0, 35788.0, Non-Bite
2.982856035232544, 7.314126491546631, 6.387943267822266, 68.0, 35856.0, Non-Bite
3.473188638687134, 7.082581043243408, 6.319841384887695, 70.0, 35926.0, Non-Bite
1.6753027439117432, 7.273265838623047, 6.510526180267334, 71.0, 35997.0, Non-Bite
3.473188638687134, 8.839605331420898, 3.9771416187286377, 68.0, 36065.0, Non-Bite
3.554910659790039, 8.580819129943848, 1.9477096796035767, 71.0, 36136.0, Non-Bite
1.4165161848068237, 6.701210975646973, 7.1915435791015625, 69.0, 36205.0, Non-Bite
2.451662540435791, 7.845320224761963, 4.590057373046875, 71.0, 36275.0, Non-Bite
3.0645782947540283, 8.539958000183105, 3.9771416187286377, 69.0, 36345.0, Non-Bite
5.243834018707275, 6.197257995605469, 4.126965522766113, 71.0, 36416.0, Non-Bite
2.478903293609619, 4.508335113525391, 8.117727279663086, 70.0, 36486.0, Non-Bite
3.282503843307495, 5.434518814086914, 8.117727279663086, 70.0, 36555.0, Non-Bite
1.6072009801864624, 5.3119354248046875, 9.806650161743164, 69.0, 36625.0, Non-Bite
1.2939330339431763, 3.514049768447876, 7.000858783721924, 71.0, 36695.0, Non-Bite
2.669588088989258, 1.0215260982513428, 11.182305335998535, 69.0, 36765.0, Non-Bite
0.217925563454628, -1.4165161848068237, 11.182305335998535, 71.0, 36835.0, Non-Bite
0.19068486988544464, -0.0272406954318285, 9.684066772460938, 69.0, 36905.0, Non-Bite
-0.4903325140476227, -1.0215260982513428, 10.296982765197754, 70.0, 36975.0, Non-Bite
0.4903325140476227, -1.2530720233917236, 9.915613174438477, 71.0, 37046.0, Non-Bite
1.6753027439117432, -1.103248119354248, 10.1471586227417, 70.0, 37115.0, Non-Bite
1.4165161848068237, -0.953424334526062, 9.765789031982422, 69.0, 37185.0, Non-Bite
1.6344417333602905, 0.34050869941711426, 9.684066772460938, 71.0, 37256.0, Non-Bite
1.2530720233917236, 0.6129156351089478, 10.1471586227417, 69.0, 37325.0, Non-Bite
1.375655174255371, 0.0, 9.997335433959961, 70.0, 37395.0, Non-Bite
2.0566725730895996, -0.108962781727314, 9.806650161743164, 70.0, 37465.0, Non-Bite
1.6344417333602905, -0.14982382953166962, 9.874752044677734, 70.0, 37535.0, Non-Bite
1.4846179485321045, 0.0272406954318285, 9.915613174438477, 70.0, 37605.0, Non-Bite
0.953424334526062, 0.06810174137353897, 10.106298446655273, 70.0, 37675.0, Non-Bite
1.334794044494629, -0.108962781727314, 9.874752044677734, 70.0, 37745.0, Non-Bite
1.0215260982513428, 0.19068486988544464, 9.997335433959961, 73.0, 37818.0, Non-Bite
1.2530720233917236, -0.108962781727314, 9.833890914916992, 68.0, 37885.0, Non-Bite
0.9942854046821594, 0.0272406954318285, 9.874752044677734, 70.0, 37955.0, Non-Bite
0.8308411836624146, 0.0, 9.915613174438477, 70.0, 38026.0, Non-Bite
0.871702253818512, 0.108962781727314, 9.833890914916992, 69.0, 38095.0, Non-Bite
0.953424334526062, 0.0, 9.874752044677734, 71.0, 38165.0, Non-Bite
0.871702253818512, 0.0272406954318285, 9.997335433959961, 70.0, 38235.0, Non-Bite
0.871702253818512, -0.0272406954318285, 10.106298446655273, 70.0, 38306.0, Non-Bite
1.1849702596664429, 0.0272406954318285, 9.915613174438477, 70.0, 38376.0, Non-Bite
1.0215260982513428, -0.108962781727314, 9.915613174438477, 70.0, 38445.0, Non-Bite
0.953424334526062, 0.06810174137353897, 9.997335433959961, 70.0, 38516.0, Non-Bite
1.0215260982513428, 0.0, 10.024576187133789, 72.0, 38588.0, Non-Bite
0.871702253818512, 0.0272406954318285, 9.997335433959961, 67.0, 38655.0, Non-Bite
1.0215260982513428, 0.0272406954318285, 10.024576187133789, 71.0, 38726.0, Non-Bite
1.0215260982513428, 0.0272406954318285, 9.956474304199219, 70.0, 38796.0, Non-Bite
0.9125633239746094, -0.06810174137353897, 10.024576187133789, 70.0, 38865.0, Non-Bite
0.953424334526062, 0.108962781727314, 9.997335433959961, 69.0, 38935.0, Non-Bite
1.0215260982513428, 0.0272406954318285, 9.915613174438477, 70.0, 39005.0, Non-Bite
0.9942854046821594, 0.108962781727314, 9.956474304199219, 70.0, 39075.0, Non-Bite
0.953424334526062, -0.0272406954318285, 9.956474304199219, 71.0, 39145.0, Non-Bite
0.953424334526062, 0.06810174137353897, 9.997335433959961, 69.0, 39215.0, Non-Bite
0.9942854046821594, 0.0, 9.915613174438477, 71.0, 39286.0, Non-Bite
0.953424334526062, 0.06810174137353897, 9.956474304199219, 70.0, 39356.0, Non-Bite
0.9942854046821594, 0.108962781727314, 9.956474304199219, 70.0, 39426.0, Non-Bite
0.953424334526062, 0.0272406954318285, 9.997335433959961, 69.0, 39495.0, Non-Bite
0.9942854046821594, -0.0272406954318285, 9.915613174438477, 71.0, 39565.0, Non-Bite
0.9942854046821594, 0.0272406954318285, 9.915613174438477, 69.0, 39635.0, Non-Bite
0.9942854046821594, -0.0272406954318285, 9.915613174438477, 71.0, 39705.0, Non-Bite
0.9942854046821594, 0.0, 9.915613174438477, 69.0, 39775.0, Non-Bite
1.0623871088027954, -0.06810174137353897, 9.915613174438477, 72.0, 39847.0, Non-Bite
1.0215260982513428, 0.0, 9.997335433959961, 69.0, 39916.0, Non-Bite
1.0215260982513428, 0.0272406954318285, 9.874752044677734, 69.0, 39985.0, Non-Bite
1.0623871088027954, -0.0272406954318285, 9.874752044677734, 71.0, 40056.0, Non-Bite
1.0215260982513428, 0.0272406954318285, 9.874752044677734, 69.0, 40125.0, Non-Bite
0.953424334526062, 0.0272406954318285, 9.874752044677734, 71.0, 40196.0, Non-Bite
0.9942854046821594, -0.0272406954318285, 9.833890914916992, 70.0, 40266.0, Non-Bite
0.9125633239746094, 0.0, 9.915613174438477, 69.0, 40335.0, Non-Bite
0.953424334526062, 0.06810174137353897, 9.956474304199219, 70.0, 40406.0, Non-Bite
0.9942854046821594, 0.0, 9.956474304199219, 70.0, 40476.0, Non-Bite
1.0623871088027954, 0.0, 10.024576187133789, 70.0, 40545.0, Non-Bite
0.9942854046821594, 0.0272406954318285, 9.915613174438477, 70.0, 40616.0, Non-Bite
0.953424334526062, 0.0, 9.874752044677734, 69.0, 40685.0, Non-Bite
1.0623871088027954, -0.0272406954318285, 9.874752044677734, 70.0, 40755.0, Non-Bite
1.103248119354248, 0.0272406954318285, 9.874752044677734, 70.0, 40825.0, Non-Bite
0.8036004900932312, -0.0272406954318285, 10.065437316894531, 70.0, 40895.0, Non-Bite
1.0215260982513428, 0.0272406954318285, 9.956474304199219, 70.0, 40965.0, Non-Bite
0.9125633239746094, 0.06810174137353897, 9.874752044677734, 70.0, 41035.0, Non-Bite
1.103248119354248, 0.0, 9.915613174438477, 70.0, 41105.0, Non-Bite
0.9942854046821594, -0.0272406954318285, 9.997335433959961, 71.0, 41176.0, Non-Bite
1.0215260982513428, 0.06810174137353897, 9.874752044677734, 69.0, 41245.0, Non-Bite
1.1441092491149902, -0.0272406954318285, 9.833890914916992, 71.0, 41316.0, Non-Bite
0.9125633239746094, 0.0, 10.024576187133789, 70.0, 41386.0, Non-Bite
1.103248119354248, 0.0, 9.997335433959961, 70.0, 41456.0, Non-Bite
1.0215260982513428, 0.0272406954318285, 9.874752044677734, 70.0, 41526.0, Non-Bite
1.1441092491149902, 0.0272406954318285, 9.997335433959961, 69.0, 41595.0, Non-Bite
1.0215260982513428, -0.0272406954318285, 9.956474304199219, 71.0, 41666.0, Non-Bite
1.0215260982513428, 0.06810174137353897, 9.997335433959961, 70.0, 41735.0, Non-Bite
0.9125633239746094, 0.0, 9.997335433959961, 70.0, 41805.0, Non-Bite
0.9942854046821594, 0.0, 9.874752044677734, 69.0, 41875.0, Non-Bite
0.953424334526062, 0.06810174137353897, 9.997335433959961, 71.0, 41946.0, Non-Bite
0.9942854046821594, 0.0, 9.997335433959961, 70.0, 42015.0, Non-Bite
0.8308411836624146, 0.0, 9.956474304199219, 70.0, 42086.0, Non-Bite
1.0623871088027954, -0.0272406954318285, 9.915613174438477, 69.0, 42155.0, Non-Bite
1.0623871088027954, 0.0272406954318285, 9.915613174438477, 71.0, 42225.0, Non-Bite
0.953424334526062, 0.19068486988544464, 9.997335433959961, 70.0, 42296.0, Non-Bite
0.871702253818512, 0.0272406954318285, 10.065437316894531, 70.0, 42365.0, Non-Bite
1.1441092491149902, -0.0272406954318285, 9.997335433959961, 71.0, 42437.0, Non-Bite
1.0215260982513428, 0.06810174137353897, 9.833890914916992, 68.0, 42505.0, Non-Bite
1.0215260982513428, 0.06810174137353897, 9.997335433959961, 69.0, 42575.0, Non-Bite
1.103248119354248, 0.0272406954318285, 9.915613174438477, 70.0, 42646.0, Non-Bite
0.953424334526062, 0.06810174137353897, 9.915613174438477, 69.0, 42715.0, Non-Bite
1.1441092491149902, 0.0, 9.956474304199219, 71.0, 42785.0, Non-Bite
1.0215260982513428, 0.0, 9.874752044677734, 70.0, 42856.0, Non-Bite
1.0215260982513428, 0.108962781727314, 9.956474304199219, 70.0, 42926.0, Non-Bite
1.0215260982513428, 0.06810174137353897, 9.956474304199219, 69.0, 42995.0, Non-Bite
1.103248119354248, 0.108962781727314, 9.806650161743164, 71.0, 43065.0, Non-Bite
1.0623871088027954, 0.06810174137353897, 9.874752044677734, 70.0, 43136.0, Non-Bite
1.2530720233917236, 0.0, 9.874752044677734, 70.0, 43205.0, Non-Bite
0.40861043334007263, -0.9125633239746094, 9.915613174438477, 70.0, 43276.0, Non-Bite
0.9942854046821594, -0.6129156351089478, 10.610250473022461, 69.0, 43345.0, Non-Bite
0.8036004900932312, 0.4903325140476227, 11.372990608215332, 71.0, 43416.0, Non-Bite
-3.4050869941711426, 0.6401563286781311, 11.563674926757813, 69.0, 43485.0, Non-Bite
-2.451662540435791, 0.5720546245574951, 11.863323211669922, 71.0, 43556.0, Non-Bite
0.5720546245574951, 3.9771416187286377, 9.643206596374512, 69.0, 43625.0, Non-Bite
1.4165161848068237, 6.278980255126953, 7.927042484283447, 72.0, 43697.0, Non-Bite
2.410801649093628, 6.9327569007873535, 6.6194891929626465, 70.0, 43767.0, Non-Bite
3.7047345638275146, 6.769312858581543, 5.434518814086914, 68.0, 43835.0, Non-Bite
1.334794044494629, 6.42880392074585, 6.00657320022583, 70.0, 43905.0, Non-Bite
1.9477096796035767, 7.082581043243408, 4.44023323059082, 70.0, 43976.0, Non-Bite
-1.5254789590835571, 7.232404708862305, 7.654635429382324, 70.0, 44046.0, Non-Bite
0.8308411836624146, 7.15068244934082, 6.810173988342285, 70.0, 44116.0, Non-Bite
1.2258312702178955, 7.695496559143066, 6.347082138061523, 69.0, 44185.0, Non-Bite
-0.40861043334007263, 7.504811763763428, 7.423089504241943, 71.0, 44256.0, Non-Bite
0.40861043334007263, 7.927042484283447, 5.965712070465088, 70.0, 44326.0, Non-Bite
0.2587866187095642, 7.845320224761963, 3.9362804889678955, 70.0, 44396.0, Non-Bite
0.14982382953166962, 7.382228374481201, 6.278980255126953, 69.0, 44465.0, Non-Bite
0.14982382953166962, 7.57291316986084, 6.278980255126953, 70.0, 44535.0, Non-Bite
1.2530720233917236, 7.000858783721924, 8.417374610900879, 71.0, 44605.0, Non-Bite
1.103248119354248, 7.082581043243408, 8.158588409423828, 69.0, 44675.0, Non-Bite
0.217925563454628, 7.57291316986084, 5.924851417541504, 70.0, 44745.0, Non-Bite
0.14982382953166962, 7.736357688903809, 4.86246395111084, 71.0, 44816.0, Non-Bite
0.8308411836624146, 6.6194891929626465, 6.851035118103027, 70.0, 44886.0, Non-Bite
-0.14982382953166962, 7.15068244934082, 6.851035118103027, 71.0, 44957.0, Non-Bite
1.1849702596664429, 7.041719913482666, 7.15068244934082, 69.0, 45026.0, Non-Bite
2.138394594192505, 6.0882954597473145, 7.545672416687012, 69.0, 45095.0, Non-Bite
1.6753027439117432, 5.51624059677124, 7.9679036140441895, 71.0, 45166.0, Non-Bite
1.6753027439117432, 5.162111759185791, 8.989429473876953, 69.0, 45235.0, Non-Bite
1.757024884223938, 5.284695148468018, 9.071151733398438, 74.0, 45309.0, Non-Bite
3.282503843307495, 5.666064739227295, 7.613774299621582, 67.0, 45375.0, Non-Bite
1.1441092491149902, 5.243834018707275, 8.117727279663086, 70.0, 45445.0, Non-Bite
-0.0, 3.4050869941711426, 9.874752044677734, 69.0, 45515.0, Non-Bite
0.108962781727314, 3.6366329193115234, 8.158588409423828, 70.0, 45585.0, Non-Bite
0.6401563286781311, 2.2473573684692383, 8.036005020141602, 70.0, 45655.0, Non-Bite
-0.0272406954318285, 0.871702253818512, 10.800935745239258, 70.0, 45725.0, Non-Bite
-0.14982382953166962, 0.8308411836624146, 9.833890914916992, 73.0, 45798.0, Non-Bite
0.953424334526062, 0.06810174137353897, 9.493382453918457, 68.0, 45865.0, Non-Bite
1.6344417333602905, -0.108962781727314, 9.30269718170166, 70.0, 45935.0, Non-Bite
1.7161637544631958, -0.9942854046821594, 8.376513481140137, 69.0, 46005.0, Non-Bite
4.058863639831543, -0.6129156351089478, 16.46700096130371, 70.0, 46075.0, Non-Bite
0.44947147369384766, -0.5311935544013977, 9.193735122680664, 70.0, 46145.0, Non-Bite
0.4903325140476227, 0.8308411836624146, 10.256121635437012, 70.0, 46215.0, Non-Bite
1.103248119354248, -0.19068486988544464, 10.296982765197754, 72.0, 46287.0, Non-Bite
1.7978858947753906, -0.0272406954318285, 9.684066772460938, 69.0, 46356.0, Non-Bite
1.757024884223938, -0.34050869941711426, 9.874752044677734, 70.0, 46425.0, Non-Bite
1.0623871088027954, -0.2587866187095642, 10.024576187133789, 69.0, 46495.0, Non-Bite
0.953424334526062, -0.0272406954318285, 9.997335433959961, 71.0, 46565.0, Non-Bite
1.4437568187713623, -0.19068486988544464, 9.915613174438477, 69.0, 46635.0, Non-Bite
1.375655174255371, -0.108962781727314, 9.956474304199219, 70.0, 46706.0, Non-Bite
1.4165161848068237, -0.19068486988544464, 9.806650161743164, 70.0, 46775.0, Non-Bite
1.2939330339431763, -0.0272406954318285, 9.956474304199219, 69.0, 46845.0, Non-Bite
1.4165161848068237, -0.14982382953166962, 9.956474304199219, 71.0, 46916.0, Non-Bite
1.4437568187713623, -0.06810174137353897, 9.997335433959961, 69.0, 46985.0, Non-Bite
1.2530720233917236, -0.108962781727314, 9.956474304199219, 71.0, 47056.0, Non-Bite
1.4846179485321045, -0.108962781727314, 9.833890914916992, 69.0, 47125.0, Non-Bite
1.4846179485321045, -0.217925563454628, 9.915613174438477, 70.0, 47195.0, Non-Bite
1.4437568187713623, -0.06810174137353897, 9.833890914916992, 70.0, 47265.0, Non-Bite
1.7161637544631958, 0.0272406954318285, 9.806650161743164, 70.0, 47335.0, Non-Bite
1.334794044494629, 0.0, 9.956474304199219, 69.0, 47405.0, Non-Bite
1.4846179485321045, -0.19068486988544464, 9.915613174438477, 71.0, 47475.0, Non-Bite
1.4846179485321045, -0.19068486988544464, 9.833890914916992, 69.0, 47545.0, Non-Bite
1.4846179485321045, -0.14982382953166962, 9.874752044677734, 70.0, 47616.0, Non-Bite
1.4437568187713623, -0.19068486988544464, 9.915613174438477, 69.0, 47685.0, Non-Bite
1.4846179485321045, -0.14982382953166962, 9.956474304199219, 71.0, 47756.0, Non-Bite
1.5663399696350098, -0.14982382953166962, 9.915613174438477, 69.0, 47825.0, Non-Bite
1.4437568187713623, -0.19068486988544464, 9.915613174438477, 70.0, 47895.0, Non-Bite
1.5663399696350098, -0.108962781727314, 9.956474304199219, 69.0, 47965.0, Non-Bite
1.4846179485321045, -0.06810174137353897, 9.833890914916992, 71.0, 48036.0, Non-Bite
1.4437568187713623, -0.2587866187095642, 9.956474304199219, 70.0, 48105.0, Non-Bite
1.5254789590835571, -0.0272406954318285, 9.874752044677734, 70.0, 48175.0, Non-Bite
1.5254789590835571, -0.06810174137353897, 9.806650161743164, 69.0, 48245.0, Non-Bite
1.375655174255371, -0.14982382953166962, 9.997335433959961, 71.0, 48315.0, Non-Bite
1.334794044494629, -0.0272406954318285, 9.833890914916992, 70.0, 48385.0, Non-Bite
1.4165161848068237, -0.108962781727314, 9.874752044677734, 70.0, 48456.0, Non-Bite
1.375655174255371, -0.14982382953166962, 9.997335433959961, 140.0, 48596.0, Non-Bite
1.4437568187713623, -0.217925563454628, 9.915613174438477, 70.0, 48665.0, Non-Bite
1.4165161848068237, -0.19068486988544464, 10.024576187133789, 70.0, 48736.0, Non-Bite
1.4437568187713623, -0.0272406954318285, 9.956474304199219, 70.0, 48806.0, Non-Bite
1.4437568187713623, -0.14982382953166962, 9.915613174438477, 69.0, 48875.0, Non-Bite
1.4165161848068237, -0.0272406954318285, 9.956474304199219, 70.0, 48945.0, Non-Bite
1.4165161848068237, -0.14982382953166962, 9.915613174438477, 71.0, 49016.0, Non-Bite
1.5254789590835571, -0.108962781727314, 9.915613174438477, 70.0, 49086.0, Non-Bite
1.4437568187713623, -0.14982382953166962, 9.915613174438477, 69.0, 49155.0, Non-Bite
1.4165161848068237, -0.19068486988544464, 9.956474304199219, 71.0, 49225.0, Non-Bite
1.375655174255371, -0.19068486988544464, 9.956474304199219, 69.0, 49295.0, Non-Bite
1.5254789590835571, -0.14982382953166962, 9.915613174438477, 71.0, 49365.0, Non-Bite
1.334794044494629, -0.06810174137353897, 9.956474304199219, 69.0, 49435.0, Non-Bite
1.4437568187713623, -0.14982382953166962, 9.915613174438477, 71.0, 49506.0, Non-Bite
1.334794044494629, -0.14982382953166962, 9.833890914916992, 70.0, 49575.0, Non-Bite
1.4437568187713623, -0.14982382953166962, 9.915613174438477, 70.0, 49646.0, Non-Bite
1.375655174255371, -0.19068486988544464, 9.874752044677734, 69.0, 49715.0, Non-Bite
1.4437568187713623, -0.0272406954318285, 9.915613174438477, 71.0, 49785.0, Non-Bite
1.4165161848068237, -0.0272406954318285, 9.874752044677734, 70.0, 49855.0, Non-Bite
1.4437568187713623, -0.14982382953166962, 9.874752044677734, 70.0, 49926.0, Non-Bite
1.2939330339431763, -0.19068486988544464, 10.024576187133789, 69.0, 49995.0, Non-Bite
1.375655174255371, -0.108962781727314, 9.833890914916992, 71.0, 50065.0, Non-Bite
1.334794044494629, -0.0272406954318285, 9.915613174438477, 70.0, 50136.0, Non-Bite
1.375655174255371, -0.14982382953166962, 9.956474304199219, 70.0, 50205.0, Non-Bite
1.334794044494629, -0.14982382953166962, 9.874752044677734, 69.0, 50275.0, Non-Bite
1.375655174255371, -0.19068486988544464, 9.915613174438477, 70.0, 50345.0, Non-Bite
1.2939330339431763, -0.217925563454628, 9.915613174438477, 69.0, 50415.0, Non-Bite
1.4165161848068237, -0.19068486988544464, 9.806650161743164, 70.0, 50485.0, Non-Bite
1.334794044494629, -0.19068486988544464, 9.956474304199219, 71.0, 50556.0, Non-Bite
1.4846179485321045, -0.0272406954318285, 9.956474304199219, 69.0, 50625.0, Non-Bite
1.4165161848068237, -0.14982382953166962, 9.997335433959961, 71.0, 50695.0, Non-Bite
1.4165161848068237, -0.108962781727314, 9.833890914916992, 70.0, 50765.0, Non-Bite
1.4165161848068237, -0.14982382953166962, 9.806650161743164, 70.0, 50836.0, Non-Bite
1.375655174255371, -0.19068486988544464, 9.915613174438477, 69.0, 50905.0, Non-Bite
1.4437568187713623, -0.108962781727314, 9.915613174438477, 70.0, 50975.0, Non-Bite
1.375655174255371, -0.108962781727314, 9.997335433959961, 70.0, 51045.0, Non-Bite
1.4437568187713623, -0.14982382953166962, 9.915613174438477, 70.0, 51115.0, Non-Bite
1.375655174255371, -0.217925563454628, 9.833890914916992, 69.0, 51185.0, Non-Bite
1.4846179485321045, -0.108962781727314, 9.915613174438477, 71.0, 51256.0, Non-Bite
1.4437568187713623, -0.0272406954318285, 9.874752044677734, 70.0, 51326.0, Non-Bite
1.334794044494629, -0.06810174137353897, 9.874752044677734, 70.0, 51396.0, Non-Bite
1.4846179485321045, -0.19068486988544464, 9.874752044677734, 69.0, 51465.0, Non-Bite
1.334794044494629, -0.19068486988544464, 9.806650161743164, 71.0, 51536.0, Non-Bite
1.4437568187713623, -0.14982382953166962, 9.956474304199219, 70.0, 51605.0, Non-Bite
1.4165161848068237, -0.108962781727314, 9.874752044677734, 70.0, 51675.0, Non-Bite
1.4165161848068237, -0.217925563454628, 9.833890914916992, 69.0, 51745.0, Non-Bite
1.334794044494629, -0.19068486988544464, 9.915613174438477, 71.0, 51815.0, Non-Bite
1.4165161848068237, -0.217925563454628, 10.024576187133789, 70.0, 51885.0, Non-Bite
1.2530720233917236, -0.14982382953166962, 9.956474304199219, 70.0, 51955.0, Non-Bite
1.4846179485321045, -0.108962781727314, 9.956474304199219, 69.0, 52025.0, Non-Bite
1.2939330339431763, -0.14982382953166962, 9.915613174438477, 70.0, 52095.0, Non-Bite
1.4846179485321045, -0.06810174137353897, 9.956474304199219, 71.0, 52165.0, Non-Bite
1.4437568187713623, -0.108962781727314, 9.833890914916992, 70.0, 52235.0, Non-Bite
1.4165161848068237, -0.19068486988544464, 9.915613174438477, 70.0, 52305.0, Non-Bite
1.2939330339431763, -0.19068486988544464, 9.874752044677734, 69.0, 52375.0, Non-Bite
1.4165161848068237, -0.19068486988544464, 9.915613174438477, 71.0, 52445.0, Non-Bite
1.4437568187713623, -0.14982382953166962, 9.956474304199219, 70.0, 52516.0, Non-Bite
1.334794044494629, -0.108962781727314, 9.956474304199219, 70.0, 52586.0, Non-Bite
1.4165161848068237, -0.19068486988544464, 9.915613174438477, 69.0, 52655.0, Non-Bite
1.375655174255371, -0.06810174137353897, 9.874752044677734, 71.0, 52726.0, Non-Bite
1.4165161848068237, -0.19068486988544464, 9.874752044677734, 70.0, 52796.0, Non-Bite
1.2530720233917236, -0.06810174137353897, 9.997335433959961, 70.0, 52865.0, Non-Bite
1.5254789590835571, -0.14982382953166962, 9.765789031982422, 69.0, 52935.0, Non-Bite
1.4437568187713623, 0.06810174137353897, 9.915613174438477, 70.0, 53005.0, Non-Bite
0.871702253818512, -0.108962781727314, 10.106298446655273, 70.0, 53075.0, Non-Bite
0.7627394795417786, -0.4903325140476227, 10.528529167175293, 71.0, 53145.0, Non-Bite
0.40861043334007263, -0.34050869941711426, 10.446806907653809, 78.0, 53224.0, Non-Bite
4.86246395111084, 0.0272406954318285, 8.349272727966309, 65.0, 53289.0, Non-Bite
5.434518814086914, -0.14982382953166962, 7.695496559143066, 66.0, 53355.0, Non-Bite
4.058863639831543, 0.14982382953166962, 8.88046646118164, 70.0, 53425.0, Non-Bite
3.023717164993286, -0.2587866187095642, 9.384419441223145, 72.0, 53497.0, Non-Bite
2.8330323696136475, -0.3813697397708893, 9.72492790222168, 69.0, 53566.0, Non-Bite
2.751310348510742, -1.0623871088027954, 9.72492790222168, 69.0, 53635.0, Non-Bite
3.5957717895507813, -0.108962781727314, 9.11201286315918, 71.0, 53706.0, Non-Bite
2.941995143890381, 0.9125633239746094, 9.030290603637695, 70.0, 53776.0, Non-Bite
2.3699405193328857, 0.7218784093856812, 9.493382453918457, 69.0, 53845.0, Non-Bite
2.179255723953247, 1.0215260982513428, 9.493382453918457, 71.0, 53915.0, Non-Bite
1.375655174255371, 1.2939330339431763, 10.106298446655273, 70.0, 53986.0, Non-Bite
1.1849702596664429, 2.0975334644317627, 10.256121635437012, 70.0, 54055.0, Non-Bite
0.7627394795417786, 2.0975334644317627, 10.065437316894531, 70.0, 54126.0, Non-Bite
1.0215260982513428, 2.5197644233703613, 10.21526050567627, 70.0, 54196.0, Non-Bite
1.6072009801864624, 3.554910659790039, 9.343558311462402, 70.0, 54265.0, Non-Bite
1.6072009801864624, 3.4050869941711426, 9.765789031982422, 70.0, 54335.0, Non-Bite
0.8036004900932312, 2.642347574234009, 10.188019752502441, 69.0, 54405.0, Non-Bite
0.34050869941711426, 1.9477096796035767, 9.765789031982422, 71.0, 54475.0, Non-Bite
-0.14982382953166962, 1.8659876585006714, 11.141444206237793, 70.0, 54546.0, Non-Bite
0.8308411836624146, 2.451662540435791, 10.21526050567627, 70.0, 54616.0, Non-Bite
0.9942854046821594, 2.0566725730895996, 9.071151733398438, 69.0, 54685.0, Non-Bite
1.6344417333602905, 1.4846179485321045, 8.226690292358398, 71.0, 54756.0, Non-Bite
0.19068486988544464, 0.4903325140476227, 9.220975875854492, 70.0, 54826.0, Non-Bite
0.4903325140476227, 0.0, 10.48766803741455, 70.0, 54896.0, Non-Bite
-0.6810173988342285, -0.4903325140476227, 10.378705024719238, 69.0, 54965.0, Non-Bite
0.8308411836624146, -2.179255723953247, 6.891895771026611, 73.0, 55037.0, Non-Bite
-4.167826175689697, 0.871702253818512, 7.7635979652404785, 68.0, 55106.0, Non-Bite
-5.202972888946533, 1.2258312702178955, 11.563674926757813, 70.0, 55175.0, Non-Bite
-2.138394594192505, 1.7161637544631958, 8.771504402160645, 69.0, 55245.0, Non-Bite
-2.3699405193328857, 1.2530720233917236, 8.608059883117676, 70.0, 55315.0, Non-Bite
-3.745595693588257, 0.0, 9.071151733398438, 71.0, 55386.0, Non-Bite
-4.7398810386657715, 0.5720546245574951, 8.771504402160645, 70.0, 55455.0, Non-Bite
-3.8954193592071533, 0.29964765906333923, 8.921327590942383, 70.0, 55526.0, Non-Bite
-3.1326799392700195, 0.44947147369384766, 9.11201286315918, 69.0, 55595.0, Non-Bite
-4.549196243286133, 0.5720546245574951, 9.30269718170166, 71.0, 55665.0, Non-Bite
-3.9771416187286377, 0.6401563286781311, 8.580819129943848, 70.0, 55736.0, Non-Bite
-4.399372100830078, 0.8308411836624146, 8.68978214263916, 69.0, 55805.0, Non-Bite
-4.590057373046875, 0.871702253818512, 8.417374610900879, 69.0, 55875.0, Non-Bite
-4.508335113525391, 0.953424334526062, 8.417374610900879, 70.0, 55945.0, Non-Bite
-3.9771416187286377, 0.6129156351089478, 8.839605331420898, 70.0, 56015.0, Non-Bite
-4.058863639831543, 0.6129156351089478, 8.962188720703125, 71.0, 56086.0, Non-Bite
-3.9362804889678955, 0.5311935544013977, 9.030290603637695, 69.0, 56155.0, Non-Bite
-3.9771416187286377, 0.4903325140476227, 8.962188720703125, 71.0, 56225.0, Non-Bite
-3.78645658493042, 0.5311935544013977, 8.989429473876953, 70.0, 56296.0, Non-Bite
-3.7047345638275146, 0.6401563286781311, 8.989429473876953, 70.0, 56365.0, Non-Bite
-3.7047345638275146, 0.40861043334007263, 9.071151733398438, 69.0, 56435.0, Non-Bite
-3.745595693588257, 0.5720546245574951, 9.030290603637695, 72.0, 56507.0, Non-Bite
-3.514049768447876, 0.5720546245574951, 9.071151733398438, 68.0, 56575.0, Non-Bite
-3.4050869941711426, 0.5311935544013977, 9.11201286315918, 71.0, 56646.0, Non-Bite
-3.473188638687134, 0.5720546245574951, 9.220975875854492, 70.0, 56715.0, Non-Bite
-3.554910659790039, 0.6401563286781311, 9.071151733398438, 69.0, 56785.0, Non-Bite
-3.514049768447876, 0.6129156351089478, 9.11201286315918, 80.0, 56865.0, Non-Bite
-3.214401960372925, 0.5311935544013977, 9.071151733398438, 60.0, 56925.0, Non-Bite
-3.473188638687134, 0.5720546245574951, 9.152873992919922, 70.0, 56995.0, Non-Bite
-3.3642258644104004, 0.6129156351089478, 9.220975875854492, 70.0, 57065.0, Non-Bite
-3.473188638687134, 0.6129156351089478, 9.193735122680664, 71.0, 57136.0, Non-Bite
-3.554910659790039, 0.6129156351089478, 9.152873992919922, 70.0, 57205.0, Non-Bite
-3.255263090133667, 0.6401563286781311, 9.152873992919922, 140.0, 57346.0, Non-Bite
-3.4050869941711426, 0.4903325140476227, 9.30269718170166, 70.0, 57415.0, Non-Bite
-3.4459478855133057, 0.6129156351089478, 9.30269718170166, 70.0, 57486.0, Non-Bite
-3.282503843307495, 0.8308411836624146, 9.030290603637695, 70.0, 57556.0, Non-Bite
-3.5957717895507813, 0.953424334526062, 9.030290603637695, 69.0, 57625.0, Non-Bite
-3.5957717895507813, 0.6810173988342285, 9.30269718170166, 71.0, 57695.0, Non-Bite
-3.3642258644104004, 0.6401563286781311, 9.343558311462402, 71.0, 57767.0, Non-Bite
-3.554910659790039, 0.871702253818512, 9.30269718170166, 69.0, 57836.0, Non-Bite
-3.3642258644104004, 0.7218784093856812, 9.11201286315918, 69.0, 57905.0, Non-Bite
-3.1735410690307617, 0.7627394795417786, 9.152873992919922, 71.0, 57975.0, Non-Bite
-3.6774938106536865, 0.7218784093856812, 9.30269718170166, 70.0, 58046.0, Non-Bite
-3.323364734649658, 0.7218784093856812, 9.193735122680664, 69.0, 58115.0, Non-Bite
-3.323364734649658, 0.8308411836624146, 9.261836051940918, 69.0, 58185.0, Non-Bite
-3.1735410690307617, 0.6810173988342285, 9.193735122680664, 71.0, 58256.0, Non-Bite
-3.214401960372925, 0.5311935544013977, 9.343558311462402, 69.0, 58325.0, Non-Bite
-3.514049768447876, 0.29964765906333923, 9.643206596374512, 70.0, 58395.0, Non-Bite
-3.1735410690307617, 0.5311935544013977, 9.220975875854492, 70.0, 58465.0, Non-Bite
-3.4459478855133057, 0.6810173988342285, 9.220975875854492, 71.0, 58536.0, Non-Bite
-3.023717164993286, 0.3813697397708893, 9.5342435836792, 70.0, 58606.0, Non-Bite
-2.0294318199157715, 0.44947147369384766, 10.21526050567627, 70.0, 58675.0, Non-Bite
0.5720546245574951, 0.871702253818512, 9.193735122680664, 69.0, 58745.0, Non-Bite
1.0215260982513428, 1.103248119354248, 9.833890914916992, 71.0, 58816.0, Non-Bite
1.6753027439117432, 1.103248119354248, 9.643206596374512, 70.0, 58886.0, Non-Bite
2.22011661529541, 1.1441092491149902, 9.452521324157715, 69.0, 58955.0, Non-Bite
1.4437568187713623, 0.7627394795417786, 10.256121635437012, 72.0, 59027.0, Non-Bite
0.9125633239746094, 1.103248119354248, 9.915613174438477, 68.0, 59095.0, Non-Bite
0.9942854046821594, 1.0215260982513428, 9.915613174438477, 71.0, 59165.0, Non-Bite
1.1849702596664429, 0.953424334526062, 9.997335433959961, 70.0, 59236.0, Non-Bite
1.0215260982513428, 0.953424334526062, 9.956474304199219, 69.0, 59305.0, Non-Bite
0.871702253818512, 0.8036004900932312, 9.915613174438477, 70.0, 59375.0, Non-Bite
0.9942854046821594, 0.9125633239746094, 9.874752044677734, 71.0, 59446.0, Non-Bite
0.953424334526062, 0.953424334526062, 9.956474304199219, 70.0, 59515.0, Non-Bite
0.953424334526062, 0.9125633239746094, 9.956474304199219, 70.0, 59586.0, Non-Bite
0.9125633239746094, 0.9942854046821594, 9.915613174438477, 69.0, 59655.0, Non-Bite
0.6810173988342285, 1.0215260982513428, 9.874752044677734, 71.0, 59725.0, Non-Bite
0.44947147369384766, 0.7218784093856812, 10.296982765197754, 70.0, 59796.0, Non-Bite
0.5720546245574951, 0.7627394795417786, 9.997335433959961, 70.0, 59865.0, Non-Bite
-0.108962781727314, 1.1441092491149902, 9.956474304199219, 69.0, 59935.0, Non-Bite
0.5720546245574951, 2.0294318199157715, 9.684066772460938, 70.0, 60005.0, Non-Bite
0.871702253818512, 1.8659876585006714, 9.643206596374512, 71.0, 60075.0, Non-Bite
1.103248119354248, 0.8308411836624146, 9.915613174438477, 70.0, 60145.0, Non-Bite
0.6129156351089478, 1.2258312702178955, 9.833890914916992, 69.0, 60215.0, Non-Bite
0.6810173988342285, 1.375655174255371, 9.997335433959961, 71.0, 60286.0, Non-Bite
0.7627394795417786, 1.1441092491149902, 9.874752044677734, 69.0, 60355.0, Non-Bite
0.44947147369384766, 1.2258312702178955, 9.874752044677734, 328.0, 60683.0, Non-Bite
0.4903325140476227, 1.2939330339431763, 9.956474304199219, 3.0, 60686.0, Non-Bite
0.4903325140476227, 1.334794044494629, 10.024576187133789, 2.0, 60688.0, Non-Bite
0.6401563286781311, 1.1849702596664429, 9.765789031982422, 2.0, 60690.0, Non-Bite
0.4903325140476227, 1.2258312702178955, 9.915613174438477, 15.0, 60705.0, Non-Bite
0.4903325140476227, 1.2258312702178955, 9.956474304199219, 70.0, 60775.0, Non-Bite
0.44947147369384766, 1.2258312702178955, 9.833890914916992, 71.0, 60846.0, Non-Bite
0.14982382953166962, 1.2939330339431763, 9.956474304199219, 69.0, 60915.0, Non-Bite
0.2587866187095642, 1.1849702596664429, 9.874752044677734, 70.0, 60985.0, Non-Bite
0.34050869941711426, 1.1849702596664429, 9.806650161743164, 69.0, 61055.0, Non-Bite
0.44947147369384766, 1.1849702596664429, 9.833890914916992, 70.0, 61125.0, Non-Bite
0.14982382953166962, 1.2530720233917236, 9.956474304199219, 71.0, 61195.0, Non-Bite
0.34050869941711426, 1.103248119354248, 9.833890914916992, 70.0, 61265.0, Non-Bite
0.29964765906333923, 1.2258312702178955, 9.915613174438477, 69.0, 61335.0, Non-Bite
0.29964765906333923, 1.0215260982513428, 9.915613174438477, 70.0, 61405.0, Non-Bite
0.217925563454628, 1.103248119354248, 9.956474304199219, 71.0, 61475.0, Non-Bite
0.2587866187095642, 1.1441092491149902, 9.874752044677734, 70.0, 61545.0, Non-Bite
0.19068486988544464, 1.103248119354248, 9.874752044677734, 71.0, 61617.0, Non-Bite
0.217925563454628, 1.2258312702178955, 9.874752044677734, 68.0, 61685.0, Non-Bite
0.2587866187095642, 1.0623871088027954, 9.833890914916992, 70.0, 61755.0, Non-Bite
0.29964765906333923, 1.0215260982513428, 9.956474304199219, 70.0, 61825.0, Non-Bite
0.14982382953166962, 1.103248119354248, 9.956474304199219, 71.0, 61896.0, Non-Bite
0.06810174137353897, 1.1441092491149902, 9.956474304199219, 69.0, 61965.0, Non-Bite
0.14982382953166962, 1.1441092491149902, 9.915613174438477, 70.0, 62035.0, Non-Bite
0.2587866187095642, 1.1441092491149902, 9.874752044677734, 71.0, 62106.0, Non-Bite
0.29964765906333923, 1.103248119354248, 10.337843894958496, 70.0, 62175.0, Non-Bite
0.0272406954318285, 1.1441092491149902, 10.256121635437012, 69.0, 62245.0, Non-Bite
-0.06810174137353897, 1.103248119354248, 9.997335433959961, 71.0, 62315.0, Non-Bite
-0.0272406954318285, 1.1441092491149902, 10.256121635437012, 70.0, 62386.0, Non-Bite
0.29964765906333923, 1.1441092491149902, 9.806650161743164, 69.0, 62455.0, Non-Bite
0.217925563454628, 1.1441092491149902, 9.643206596374512, 69.0, 62525.0, Non-Bite
0.108962781727314, 1.1441092491149902, 9.956474304199219, 70.0, 62595.0, Non-Bite
0.14982382953166962, 1.0623871088027954, 10.188019752502441, 71.0, 62666.0, Non-Bite
0.14982382953166962, 1.2258312702178955, 9.806650161743164, 70.0, 62735.0, Non-Bite
0.2587866187095642, 1.1441092491149902, 9.997335433959961, 70.0, 62806.0, Non-Bite
0.217925563454628, 1.1441092491149902, 9.915613174438477, 71.0, 62877.0, Non-Bite
0.217925563454628, 1.103248119354248, 9.915613174438477, 68.0, 62945.0, Non-Bite
0.14982382953166962, 1.1441092491149902, 9.997335433959961, 69.0, 63015.0, Non-Bite
0.19068486988544464, 1.103248119354248, 9.997335433959961, 71.0, 63086.0, Non-Bite
0.19068486988544464, 1.1441092491149902, 9.915613174438477, 69.0, 63155.0, Non-Bite
0.14982382953166962, 1.1849702596664429, 9.833890914916992, 71.0, 63225.0, Non-Bite
0.29964765906333923, 1.2258312702178955, 9.833890914916992, 70.0, 63296.0, Non-Bite
0.14982382953166962, 1.1849702596664429, 9.874752044677734, 70.0, 63365.0, Non-Bite
0.19068486988544464, 1.1441092491149902, 9.833890914916992, 69.0, 63435.0, Non-Bite
0.14982382953166962, 1.1849702596664429, 9.833890914916992, 71.0, 63506.0, Non-Bite
0.06810174137353897, 1.103248119354248, 9.874752044677734, 70.0, 63575.0, Non-Bite
0.217925563454628, 1.103248119354248, 10.024576187133789, 69.0, 63645.0, Non-Bite
0.2587866187095642, 1.1849702596664429, 9.765789031982422, 70.0, 63715.0, Non-Bite
0.2587866187095642, 1.103248119354248, 9.765789031982422, 71.0, 63785.0, Non-Bite
0.14982382953166962, 1.1849702596664429, 9.915613174438477, 70.0, 63855.0, Non-Bite
0.19068486988544464, 1.2530720233917236, 9.956474304199219, 70.0, 63925.0, Non-Bite
0.2587866187095642, 1.103248119354248, 9.833890914916992, 69.0, 63995.0, Non-Bite
0.2587866187095642, 1.1441092491149902, 9.956474304199219, 70.0, 64066.0, Non-Bite
0.217925563454628, 1.1441092491149902, 9.833890914916992, 69.0, 64135.0, Non-Bite
0.14982382953166962, 1.103248119354248, 9.806650161743164, 71.0, 64206.0, Non-Bite
0.19068486988544464, 1.103248119354248, 9.997335433959961, 69.0, 64275.0, Non-Bite
0.108962781727314, 1.2258312702178955, 9.915613174438477, 70.0, 64345.0, Non-Bite
0.217925563454628, 1.1849702596664429, 9.874752044677734, 71.0, 64416.0, Non-Bite
0.217925563454628, 1.1849702596664429, 9.833890914916992, 70.0, 64486.0, Non-Bite
0.19068486988544464, 1.0623871088027954, 9.956474304199219, 70.0, 64555.0, Non-Bite
0.217925563454628, 1.103248119354248, 9.997335433959961, 69.0, 64625.0, Non-Bite
0.19068486988544464, 1.0623871088027954, 9.874752044677734, 71.0, 64695.0, Non-Bite
0.217925563454628, 1.1441092491149902, 9.806650161743164, 69.0, 64765.0, Non-Bite
0.217925563454628, 1.103248119354248, 9.997335433959961, 70.0, 64836.0, Non-Bite
0.19068486988544464, 1.1441092491149902, 9.915613174438477, 69.0, 64905.0, Non-Bite
0.217925563454628, 1.103248119354248, 9.915613174438477, 71.0, 64975.0, Non-Bite
0.2587866187095642, 1.1441092491149902, 9.915613174438477, 69.0, 65045.0, Non-Bite
0.3813697397708893, 1.1849702596664429, 9.915613174438477, 71.0, 65115.0, Non-Bite
-0.06810174137353897, 1.1441092491149902, 9.915613174438477, 69.0, 65185.0, Non-Bite
0.0272406954318285, 1.2258312702178955, 9.915613174438477, 70.0, 65255.0, Non-Bite
0.29964765906333923, 1.0623871088027954, 9.915613174438477, 69.0, 65325.0, Non-Bite
0.40861043334007263, 1.103248119354248, 9.915613174438477, 70.0, 65395.0, Non-Bite
0.2587866187095642, 0.9942854046821594, 10.024576187133789, 71.0, 65466.0, Non-Bite
0.5720546245574951, 1.2258312702178955, 9.874752044677734, 71.0, 65537.0, Non-Bite
0.7627394795417786, 1.2939330339431763, 10.1471586227417, 69.0, 65606.0, Non-Bite
1.4165161848068237, -0.14982382953166962, 10.869037628173828, 69.0, 65675.0, Non-Bite
2.478903293609619, 0.40861043334007263, 9.874752044677734, 74.0, 65747.0, Non-Bite
1.5663399696350098, 0.9125633239746094, 10.256121635437012, 66.0, 65815.0, Non-Bite
1.9885708093643188, 1.4846179485321045, 9.575104713439941, 71.0, 65886.0, Non-Bite
0.9125633239746094, 1.8387469053268433, 10.065437316894531, 70.0, 65956.0, Non-Bite
0.6129156351089478, 1.7161637544631958, 9.343558311462402, 69.0, 66025.0, Non-Bite
-0.7627394795417786, 0.40861043334007263, 10.024576187133789, 70.0, 66095.0, Non-Bite
0.34050869941711426, -0.5720546245574951, 9.684066772460938, 71.0, 66165.0, Non-Bite
2.751310348510742, -0.5311935544013977, 9.030290603637695, 69.0, 66235.0, Non-Bite
2.2882184982299805, -1.1849702596664429, 10.337843894958496, 70.0, 66305.0, Non-Bite
3.1735410690307617, -1.6753027439117432, 10.528529167175293, 69.0, 66375.0, Non-Bite
3.023717164993286, -1.2530720233917236, 9.384419441223145, 71.0, 66445.0, Non-Bite
3.473188638687134, -0.6129156351089478, 9.11201286315918, 70.0, 66516.0, Non-Bite
3.4050869941711426, -0.40861043334007263, 9.30269718170166, 70.0, 66586.0, Non-Bite
3.1326799392700195, -0.108962781727314, 9.30269718170166, 69.0, 66655.0, Non-Bite
2.642347574234009, 0.0, 9.193735122680664, 72.0, 66727.0, Non-Bite
2.5606253147125244, -0.29964765906333923, 9.956474304199219, 69.0, 66796.0, Non-Bite
1.5254789590835571, -0.6810173988342285, 10.106298446655273, 70.0, 66866.0, Non-Bite
1.4437568187713623, -0.953424334526062, 10.446806907653809, 69.0, 66935.0, Non-Bite
5.053149223327637, -0.9125633239746094, 8.26755142211914, 70.0, 67005.0, Non-Bite
0.9942854046821594, -0.9125633239746094, 9.956474304199219, 71.0, 67075.0, Non-Bite
0.7218784093856812, 0.29964765906333923, 10.378705024719238, 70.0, 67146.0, Non-Bite
1.6344417333602905, 0.108962781727314, 10.106298446655273, 69.0, 67215.0, Non-Bite
2.3699405193328857, 0.0272406954318285, 9.765789031982422, 71.0, 67286.0, Non-Bite
4.44023323059082, 0.2587866187095642, 8.798744201660156, 70.0, 67356.0, Non-Bite
3.6366329193115234, 0.108962781727314, 9.11201286315918, 70.0, 67426.0, Non-Bite
1.1849702596664429, 0.14982382953166962, 10.188019752502441, 69.0, 67495.0, Non-Bite
1.375655174255371, 0.34050869941711426, 10.065437316894531, 71.0, 67566.0, Non-Bite
1.757024884223938, 0.217925563454628, 9.833890914916992, 70.0, 67636.0, Non-Bite
1.757024884223938, 0.29964765906333923, 9.874752044677734, 69.0, 67705.0, Non-Bite
1.7161637544631958, 0.217925563454628, 9.956474304199219, 71.0, 67776.0, Non-Bite
1.6072009801864624, 0.14982382953166962, 9.956474304199219, 69.0, 67845.0, Non-Bite
1.8387469053268433, 0.06810174137353897, 9.915613174438477, 71.0, 67916.0, Non-Bite
1.757024884223938, 0.108962781727314, 10.065437316894531, 70.0, 67986.0, Non-Bite
1.8387469053268433, 0.108962781727314, 10.296982765197754, 70.0, 68055.0, Non-Bite
2.2882184982299805, -0.0272406954318285, 9.765789031982422, 69.0, 68125.0, Non-Bite
2.71044921875, -0.108962781727314, 9.684066772460938, 71.0, 68195.0, Non-Bite
2.3699405193328857, -0.0272406954318285, 9.493382453918457, 70.0, 68265.0, Non-Bite
1.9477096796035767, -0.108962781727314, 9.60234546661377, 69.0, 68335.0, Non-Bite
2.9011340141296387, -0.108962781727314, 9.30269718170166, 70.0, 68405.0, Non-Bite
2.7921712398529053, -0.29964765906333923, 9.874752044677734, 70.0, 68475.0, Non-Bite
2.8330323696136475, -0.2587866187095642, 9.261836051940918, 69.0, 68545.0, Non-Bite
3.514049768447876, -0.7627394795417786, 9.493382453918457, 70.0, 68615.0, Non-Bite
2.5197644233703613, -0.40861043334007263, 9.452521324157715, 69.0, 68685.0, Non-Bite
1.4437568187713623, -1.0623871088027954, 10.569390296936035, 71.0, 68756.0, Non-Bite
1.5254789590835571, 0.19068486988544464, 10.1471586227417, 70.0, 68826.0, Non-Bite
0.108962781727314, 0.108962781727314, 10.41956615447998, 70.0, 68896.0, Non-Bite
1.0623871088027954, 0.7627394795417786, 9.493382453918457, 69.0, 68965.0, Non-Bite
2.3290793895721436, 0.9942854046821594, 9.30269718170166, 70.0, 69035.0, Non-Bite
3.827317714691162, 1.1441092491149902, 8.26755142211914, 70.0, 69105.0, Non-Bite
5.393657684326172, 0.6129156351089478, 8.308412551879883, 70.0, 69175.0, Non-Bite
5.434518814086914, -0.6810173988342285, 9.261836051940918, 70.0, 69245.0, Non-Bite
6.156397342681885, -1.2939330339431763, 9.30269718170166, 71.0, 69316.0, Non-Bite
1.9477096796035767, 0.40861043334007263, 9.220975875854492, 70.0, 69385.0, Non-Bite
1.6072009801864624, 0.871702253818512, 10.378705024719238, 69.0, 69455.0, Non-Bite
1.2530720233917236, 0.5720546245574951, 10.337843894958496, 70.0, 69526.0, Non-Bite
2.410801649093628, 0.6129156351089478, 9.411660194396973, 69.0, 69595.0, Non-Bite
2.138394594192505, 0.108962781727314, 9.60234546661377, 70.0, 69665.0, Non-Bite
1.5254789590835571, 0.19068486988544464, 9.874752044677734, 70.0, 69735.0, Non-Bite
0.5311935544013977, 0.14982382953166962, 10.21526050567627, 71.0, 69805.0, Non-Bite
1.334794044494629, 0.14982382953166962, 9.915613174438477, 69.0, 69875.0, Non-Bite
1.6072009801864624, 0.14982382953166962, 9.915613174438477, 70.0, 69945.0, Non-Bite
1.2530720233917236, 0.2587866187095642, 9.684066772460938, 70.0, 70015.0, Non-Bite
1.4437568187713623, 0.108962781727314, 9.806650161743164, 71.0, 70086.0, Non-Bite
1.103248119354248, 0.108962781727314, 10.065437316894531, 69.0, 70155.0, Non-Bite
1.334794044494629, 0.06810174137353897, 9.684066772460938, 71.0, 70226.0, Non-Bite
0.6401563286781311, 0.217925563454628, 10.950759887695313, 70.0, 70296.0, Non-Bite
1.7161637544631958, 0.14982382953166962, 8.417374610900879, 70.0, 70366.0, Non-Bite
1.2530720233917236, 0.3813697397708893, 10.024576187133789, 69.0, 70435.0, Non-Bite
1.1849702596664429, 0.2587866187095642, 9.874752044677734, 71.0, 70506.0, Non-Bite
1.4165161848068237, 0.19068486988544464, 9.684066772460938, 71.0, 70577.0, Non-Bite
1.0215260982513428, 0.217925563454628, 9.997335433959961, 69.0, 70646.0, Non-Bite
1.5663399696350098, 0.19068486988544464, 9.833890914916992, 69.0, 70715.0, Non-Bite
1.1441092491149902, 0.2587866187095642, 9.997335433959961, 71.0, 70785.0, Non-Bite
1.4846179485321045, 0.2587866187095642, 9.915613174438477, 69.0, 70855.0, Non-Bite
1.2939330339431763, 0.3813697397708893, 9.997335433959961, 70.0, 70925.0, Non-Bite
1.1441092491149902, 0.217925563454628, 9.997335433959961, 70.0, 70995.0, Non-Bite
1.4437568187713623, 0.29964765906333923, 9.833890914916992, 70.0, 71065.0, Non-Bite
1.334794044494629, 0.29964765906333923, 9.874752044677734, 70.0, 71135.0, Non-Bite
1.6072009801864624, 0.19068486988544464, 9.833890914916992, 70.0, 71205.0, Non-Bite
1.2530720233917236, 0.34050869941711426, 9.956474304199219, 70.0, 71275.0, Non-Bite
1.4165161848068237, 0.2587866187095642, 9.874752044677734, 69.0, 71345.0, Non-Bite
1.4437568187713623, 0.34050869941711426, 9.833890914916992, 70.0, 71415.0, Non-Bite
1.4437568187713623, 0.29964765906333923, 9.956474304199219, 71.0, 71485.0, Non-Bite
1.4846179485321045, 0.44947147369384766, 9.956474304199219, 70.0, 71555.0, Non-Bite
1.2939330339431763, 0.2587866187095642, 10.024576187133789, 69.0, 71625.0, Non-Bite
1.4437568187713623, 0.29964765906333923, 9.997335433959961, 70.0, 71695.0, Non-Bite
1.375655174255371, 0.2587866187095642, 9.915613174438477, 69.0, 71765.0, Non-Bite
1.5254789590835571, 0.3813697397708893, 9.874752044677734, 69.0, 71835.0, Non-Bite
1.334794044494629, 0.44947147369384766, 9.956474304199219, 74.0, 71909.0, Non-Bite
1.4846179485321045, 0.29964765906333923, 9.806650161743164, 66.0, 71975.0, Non-Bite
1.4846179485321045, 0.3813697397708893, 9.915613174438477, 70.0, 72045.0, Non-Bite
1.2939330339431763, 0.40861043334007263, 9.997335433959961, 70.0, 72115.0, Non-Bite
1.6072009801864624, 0.29964765906333923, 9.915613174438477, 70.0, 72185.0, Non-Bite
1.375655174255371, 0.34050869941711426, 9.833890914916992, 71.0, 72255.0, Non-Bite
1.4437568187713623, 0.3813697397708893, 10.024576187133789, 70.0, 72325.0, Non-Bite
1.375655174255371, 0.40861043334007263, 9.956474304199219, 69.0, 72395.0, Non-Bite
1.4846179485321045, 0.40861043334007263, 9.956474304199219, 69.0, 72465.0, Non-Bite
1.5254789590835571, 0.3813697397708893, 9.874752044677734, 70.0, 72535.0, Non-Bite
1.4437568187713623, 0.3813697397708893, 10.024576187133789, 70.0, 72605.0, Non-Bite
1.6072009801864624, 0.4903325140476227, 9.874752044677734, 70.0, 72675.0, Non-Bite
1.375655174255371, 0.34050869941711426, 9.997335433959961, 69.0, 72745.0, Non-Bite
1.5663399696350098, 0.4903325140476227, 9.874752044677734, 70.0, 72815.0, Non-Bite
1.4165161848068237, 0.40861043334007263, 9.915613174438477, 77.0, 72892.0, Non-Bite
1.4437568187713623, 0.34050869941711426, 9.806650161743164, 63.0, 72955.0, Non-Bite
1.4165161848068237, 0.40861043334007263, 9.997335433959961, 70.0, 73025.0, Non-Bite
1.4846179485321045, 0.3813697397708893, 9.874752044677734, 70.0, 73095.0, Non-Bite
1.4165161848068237, 0.3813697397708893, 9.915613174438477, 70.0, 73165.0, Non-Bite
1.4437568187713623, 0.44947147369384766, 9.956474304199219, 73.0, 73238.0, Non-Bite
1.4165161848068237, 0.4903325140476227, 9.915613174438477, 68.0, 73306.0, Non-Bite
1.4165161848068237, 0.40861043334007263, 9.956474304199219, 69.0, 73375.0, Non-Bite
1.4846179485321045, 0.44947147369384766, 9.833890914916992, 71.0, 73446.0, Non-Bite
1.4437568187713623, 0.44947147369384766, 9.874752044677734, 70.0, 73515.0, Non-Bite
1.4437568187713623, 0.2587866187095642, 10.378705024719238, 70.0, 73586.0, Non-Bite
1.5254789590835571, 0.5720546245574951, 9.261836051940918, 69.0, 73655.0, Non-Bite
1.5254789590835571, 0.3813697397708893, 9.5342435836792, 70.0, 73725.0, Non-Bite
1.5663399696350098, 0.29964765906333923, 10.024576187133789, 71.0, 73796.0, Non-Bite
1.2258312702178955, 0.34050869941711426, 10.106298446655273, 70.0, 73866.0, Non-Bite
1.4846179485321045, 0.217925563454628, 9.874752044677734, 69.0, 73935.0, Non-Bite
1.2258312702178955, -0.06810174137353897, 10.106298446655273, 71.0, 74006.0, Non-Bite
1.5663399696350098, 0.2587866187095642, 9.956474304199219, 69.0, 74075.0, Non-Bite
2.0294318199157715, -0.19068486988544464, 9.193735122680664, 71.0, 74145.0, Non-Bite
1.334794044494629, 0.6401563286781311, 9.493382453918457, 69.0, 74215.0, Non-Bite
1.906848669052124, -0.5311935544013977, 4.903325080871582, 71.0, 74286.0, Non-Bite
-1.334794044494629, 1.7161637544631958, 12.176590919494629, 70.0, 74355.0, Non-Bite
-0.9942854046821594, -0.5720546245574951, 8.117727279663086, 71.0, 74427.0, Non-Bite
-2.8602731227874756, 3.4050869941711426, 8.921327590942383, 68.0, 74495.0, Non-Bite
-3.0645782947540283, 4.821603298187256, 10.41956615447998, 71.0, 74565.0, Non-Bite
-0.108962781727314, 3.78645658493042, 8.417374610900879, 70.0, 74635.0, Non-Bite
-1.6072009801864624, 3.8681788444519043, 10.828176498413086, 69.0, 74705.0, Non-Bite
-0.6129156351089478, 2.179255723953247, 10.569390296936035, 69.0, 74775.0, Non-Bite
-0.7627394795417786, 2.0294318199157715, 9.997335433959961, 69.0, 74845.0, Non-Bite
-0.40861043334007263, 1.375655174255371, 10.256121635437012, 70.0, 74915.0, Non-Bite
-1.103248119354248, 1.0623871088027954, 10.024576187133789, 71.0, 74985.0, Non-Bite
-1.2939330339431763, 2.669588088989258, 10.869037628173828, 69.0, 75055.0, Non-Bite
-1.8387469053268433, 3.9771416187286377, 12.476238250732422, 69.0, 75125.0, Non-Bite
-3.214401960372925, 5.243834018707275, 12.094868659973145, 71.0, 75196.0, Non-Bite
-3.8681788444519043, 4.7398810386657715, 10.719213485717773, 70.0, 75266.0, Non-Bite
-4.630918025970459, 5.35279655456543, 9.72492790222168, 69.0, 75335.0, Non-Bite
-5.475379943847656, 7.15068244934082, 8.036005020141602, 70.0, 75406.0, Non-Bite
-2.642347574234009, 6.578628063201904, 2.71044921875, 70.0, 75475.0, Non-Bite
1.1849702596664429, 2.0975334644317627, -0.871702253818512, 69.0, 75545.0, Non-Bite
-1.7978858947753906, -0.108962781727314, 2.3290793895721436, 71.0, 75616.0, Non-Bite
14.709975242614746, 9.765789031982422, -3.255263090133667, 71.0, 75687.0, Non-Bite
4.86246395111084, 12.217452049255371, -2.0294318199157715, 68.0, 75755.0, Non-Bite
4.44023323059082, 9.11201286315918, 1.334794044494629, 70.0, 75825.0, Non-Bite
4.290409564971924, 9.874752044677734, -0.108962781727314, 71.0, 75895.0, Non-Bite
4.903325080871582, 6.578628063201904, 0.5311935544013977, 69.0, 75965.0, Non-Bite
4.549196243286133, 7.736357688903809, 1.1849702596664429, 70.0, 76035.0, Non-Bite
5.815888404846191, 8.308412551879883, -0.8036004900932312, 70.0, 76105.0, Non-Bite
5.51624059677124, 8.730643272399902, -1.7978858947753906, 70.0, 76175.0, Non-Bite
5.706925868988037, 10.256121635437012, -2.2473573684692383, 69.0, 76245.0, Non-Bite
5.162111759185791, 14.546531677246094, -5.897610664367676, 71.0, 76315.0, Non-Bite
5.243834018707275, 18.796079635620117, -7.804459095001221, 70.0, 76385.0, Non-Bite
2.0975334644317627, 4.549196243286133, 7.000858783721924, 70.0, 76456.0, Non-Bite
0.6129156351089478, -10.760074615478516, -1.6072009801864624, 70.0, 76525.0, Non-Bite
-0.6401563286781311, 3.323364734649658, 7.123441696166992, 69.0, 76595.0, Non-Bite
3.4459478855133057, 6.319841384887695, 2.9011340141296387, 70.0, 76665.0, Non-Bite
0.29964765906333923, 5.965712070465088, 6.347082138061523, 70.0, 76735.0, Non-Bite
1.2530720233917236, 4.290409564971924, 5.775027275085449, 71.0, 76806.0, Non-Bite
0.5311935544013977, 2.8330323696136475, 3.8681788444519043, 69.0, 76875.0, Non-Bite
-3.255263090133667, 3.3642258644104004, 5.734166622161865, 72.0, 76947.0, Non-Bite
-7.9679036140441895, 5.706925868988037, 9.384419441223145, 69.0, 77016.0, Non-Bite
-8.921327590942383, 6.891895771026611, 15.51357650756836, 70.0, 77086.0, Non-Bite
-1.1849702596664429, 7.504811763763428, 16.889230728149414, 69.0, 77155.0, Non-Bite
-4.971426963806152, -2.751310348510742, 13.361560821533203, 70.0, 77225.0, Non-Bite
-2.179255723953247, -1.4846179485321045, 7.123441696166992, 70.0, 77295.0, Non-Bite
-0.44947147369384766, -1.8387469053268433, 8.962188720703125, 70.0, 77366.0, Non-Bite
0.108962781727314, -2.478903293609619, 5.475379943847656, 69.0, 77435.0, Non-Bite
-11.836082458496094, -10.869037628173828, 17.801794052124023, 71.0, 77505.0, Non-Bite
0.9125633239746094, -2.410801649093628, 3.9362804889678955, 69.0, 77575.0, Non-Bite
-6.742072105407715, -4.630918025970459, 11.182305335998535, 70.0, 77646.0, Non-Bite
-2.410801649093628, -2.2473573684692383, 6.387943267822266, 69.0, 77715.0, Non-Bite
-5.284695148468018, -3.8681788444519043, 9.261836051940918, 71.0, 77785.0, Non-Bite
-3.554910659790039, -2.5606253147125244, 7.695496559143066, 70.0, 77855.0, Non-Bite
-4.7398810386657715, -3.3642258644104004, 8.458235740661621, 70.0, 77926.0, Non-Bite
-4.249548435211182, -3.473188638687134, 7.804459095001221, 69.0, 77995.0, Non-Bite
-4.358511447906494, -3.5957717895507813, 8.349272727966309, 71.0, 78066.0, Non-Bite
-3.9771416187286377, -4.167826175689697, 8.458235740661621, 70.0, 78136.0, Non-Bite
-4.821603298187256, -4.780742168426514, 9.806650161743164, 70.0, 78206.0, Non-Bite
-2.751310348510742, -3.827317714691162, 10.296982765197754, 71.0, 78277.0, Non-Bite
-3.4050869941711426, -1.6753027439117432, 11.713499069213867, 68.0, 78345.0, Non-Bite
-2.451662540435791, -1.0623871088027954, 10.48766803741455, 71.0, 78415.0, Non-Bite
-2.22011661529541, 0.34050869941711426, 9.72492790222168, 70.0, 78485.0, Non-Bite
-0.9125633239746094, 1.6344417333602905, 8.376513481140137, 70.0, 78555.0, Non-Bite
-0.0272406954318285, 2.0294318199157715, 8.608059883117676, 69.0, 78625.0, Non-Bite
1.5254789590835571, 3.6366329193115234, 7.57291316986084, 71.0, 78695.0, Non-Bite
1.0623871088027954, 2.451662540435791, 7.354987621307373, 70.0, 78765.0, Non-Bite
0.7627394795417786, 1.2530720233917236, 8.26755142211914, 70.0, 78836.0, Non-Bite
-0.0272406954318285, 0.871702253818512, 10.48766803741455, 69.0, 78905.0, Non-Bite
1.9477096796035767, 0.8308411836624146, 8.921327590942383, 70.0, 78975.0, Non-Bite
-0.06810174137353897, -0.6129156351089478, 10.378705024719238, 69.0, 79045.0, Non-Bite
2.0566725730895996, -0.5311935544013977, 8.417374610900879, 70.0, 79115.0, Non-Bite
-1.906848669052124, -0.953424334526062, 6.197257995605469, 71.0, 79186.0, Non-Bite
0.953424334526062, -0.5720546245574951, 8.989429473876953, 69.0, 79255.0, Non-Bite
-0.108962781727314, 0.4903325140476227, 9.806650161743164, 70.0, 79325.0, Non-Bite
0.34050869941711426, 0.29964765906333923, 10.337843894958496, 69.0, 79395.0, Non-Bite
0.3813697397708893, 0.5720546245574951, 10.024576187133789, 70.0, 79465.0, Non-Bite
-0.0, 0.108962781727314, 10.065437316894531, 72.0, 79537.0, Non-Bite
0.19068486988544464, 0.34050869941711426, 9.833890914916992, 69.0, 79605.0, Non-Bite
0.19068486988544464, 0.34050869941711426, 9.956474304199219, 69.0, 79675.0, Non-Bite
0.0272406954318285, 0.3813697397708893, 9.874752044677734, 71.0, 79746.0, Non-Bite
0.19068486988544464, 0.3813697397708893, 10.065437316894531, 69.0, 79815.0, Non-Bite
0.06810174137353897, 0.34050869941711426, 10.024576187133789, 70.0, 79886.0, Non-Bite
0.108962781727314, 0.44947147369384766, 9.915613174438477, 70.0, 79955.0, Non-Bite
0.108962781727314, 0.44947147369384766, 9.956474304199219, 69.0, 80025.0, Non-Bite
0.19068486988544464, 0.34050869941711426, 9.956474304199219, 70.0, 80095.0, Non-Bite
0.14982382953166962, 0.29964765906333923, 9.997335433959961, 71.0, 80165.0, Non-Bite
0.19068486988544464, 0.29964765906333923, 9.956474304199219, 70.0, 80235.0, Non-Bite
-0.0, 0.40861043334007263, 10.065437316894531, 73.0, 80309.0, Non-Bite
0.0272406954318285, 0.34050869941711426, 10.024576187133789, 66.0, 80375.0, Non-Bite
0.108962781727314, 0.34050869941711426, 9.956474304199219, 70.0, 80445.0, Non-Bite
0.108962781727314, 0.29964765906333923, 9.833890914916992, 70.0, 80515.0, Non-Bite
0.217925563454628, 0.3813697397708893, 9.915613174438477, 70.0, 80586.0, Non-Bite
-0.06810174137353897, 0.3813697397708893, 10.024576187133789, 69.0, 80655.0, Non-Bite
0.108962781727314, 0.3813697397708893, 9.915613174438477, 71.0, 80725.0, Non-Bite
0.0272406954318285, 0.3813697397708893, 9.956474304199219, 71.0, 80797.0, Non-Bite
0.14982382953166962, 0.3813697397708893, 9.997335433959961, 68.0, 80865.0, Non-Bite
-0.0272406954318285, 0.2587866187095642, 9.997335433959961, 69.0, 80935.0, Non-Bite
0.06810174137353897, 0.4903325140476227, 9.956474304199219, 70.0, 81005.0, Non-Bite
-0.0, 0.3813697397708893, 9.915613174438477, 70.0, 81075.0, Non-Bite
0.06810174137353897, 0.40861043334007263, 9.915613174438477, 70.0, 81145.0, Non-Bite
-0.108962781727314, 0.40861043334007263, 9.874752044677734, 69.0, 81215.0, Non-Bite
0.0272406954318285, 0.4903325140476227, 9.997335433959961, 71.0, 81286.0, Non-Bite
-0.2587866187095642, 0.19068486988544464, 10.024576187133789, 69.0, 81355.0, Non-Bite
