-2.2473573684692383, 0.44947147369384766, 9.575104713439941, 198.0, 198.0, Non-Bite
-2.410801649093628, 0.4903325140476227, 9.575104713439941, 500.0, 698.0, Non-Bite
-2.179255723953247, 0.6810173988342285, 9.575104713439941, 8.0, 706.0, Non-Bite
-2.22011661529541, 0.4903325140476227, 9.643206596374512, 4.0, 710.0, Non-Bite
-2.179255723953247, 0.4903325140476227, 9.5342435836792, 3.0, 713.0, Non-Bite
-2.451662540435791, 0.5720546245574951, 9.411660194396973, 2.0, 715.0, Non-Bite
-2.138394594192505, 0.4903325140476227, 9.5342435836792, 4.0, 719.0, Non-Bite
-2.2882184982299805, 0.6129156351089478, 9.60234546661377, 2.0, 721.0, Non-Bite
-2.2882184982299805, 0.5311935544013977, 9.575104713439941, 37.0, 758.0, Non-Bite
-2.451662540435791, 0.40861043334007263, 9.411660194396973, 69.0, 827.0, Non-Bite
-2.5197644233703613, 0.5311935544013977, 9.5342435836792, 70.0, 897.0, Non-Bite
-2.138394594192505, 0.6810173988342285, 9.575104713439941, 71.0, 968.0, Non-Bite
-2.2882184982299805, 0.5720546245574951, 9.5342435836792, 70.0, 1038.0, Non-Bite
-2.22011661529541, 0.44947147369384766, 9.493382453918457, 70.0, 1108.0, Non-Bite
-2.2882184982299805, 0.44947147369384766, 9.5342435836792, 70.0, 1177.0, Non-Bite
-2.22011661529541, 0.5311935544013977, 9.575104713439941, 70.0, 1248.0, Non-Bite
-2.0294318199157715, 0.6129156351089478, 9.575104713439941, 70.0, 1318.0, Non-Bite
-2.2473573684692383, 0.4903325140476227, 9.684066772460938, 69.0, 1387.0, Non-Bite
-2.179255723953247, 0.5311935544013977, 9.72492790222168, 71.0, 1458.0, Non-Bite
-2.410801649093628, 0.5311935544013977, 9.72492790222168, 70.0, 1528.0, Non-Bite
-2.0566725730895996, 0.4903325140476227, 9.643206596374512, 70.0, 1598.0, Non-Bite
-2.451662540435791, 0.40861043334007263, 9.643206596374512, 69.0, 1667.0, Non-Bite
-2.138394594192505, 0.4903325140476227, 9.493382453918457, 71.0, 1738.0, Non-Bite
-2.0975334644317627, 0.2587866187095642, 9.60234546661377, 70.0, 1808.0, Non-Bite
-1.7161637544631958, 0.5720546245574951, 10.1471586227417, 70.0, 1878.0, Non-Bite
-1.7978858947753906, 0.4903325140476227, 10.296982765197754, 70.0, 1948.0, Non-Bite
-1.375655174255371, 1.2530720233917236, 10.800935745239258, 70.0, 2018.0, Non-Bite
-2.2473573684692383, 1.0623871088027954, 10.188019752502441, 70.0, 2088.0, Non-Bite
-1.5663399696350098, 1.8659876585006714, 9.071151733398438, 70.0, 2158.0, Non-Bite
-1.1849702596664429, 1.103248119354248, 9.220975875854492, 70.0, 2228.0, Non-Bite
-1.2939330339431763, 1.0215260982513428, 8.921327590942383, 70.0, 2298.0, Non-Bite
-1.375655174255371, 0.8308411836624146, 9.5342435836792, 69.0, 2367.0, Non-Bite
-0.7218784093856812, 0.7627394795417786, 10.1471586227417, 71.0, 2438.0, Non-Bite
-0.5720546245574951, 0.7218784093856812, 10.1471586227417, 70.0, 2508.0, Non-Bite
-0.8036004900932312, 0.3813697397708893, 9.997335433959961, 70.0, 2577.0, Non-Bite
-0.4903325140476227, -0.0272406954318285, 9.5342435836792, 70.0, 2648.0, Non-Bite
0.3813697397708893, -0.40861043334007263, 10.024576187133789, 70.0, 2718.0, Non-Bite
-0.2587866187095642, 0.217925563454628, 10.446806907653809, 70.0, 2788.0, Non-Bite
-0.7627394795417786, 0.8308411836624146, 11.141444206237793, 70.0, 2858.0, Non-Bite
-1.8387469053268433, 1.4846179485321045, 10.296982765197754, 69.0, 2927.0, Non-Bite
-2.5197644233703613, 2.2882184982299805, 9.384419441223145, 71.0, 2998.0, Non-Bite
-2.941995143890381, 2.71044921875, 9.493382453918457, 71.0, 3069.0, Non-Bite
-2.8602731227874756, 3.1326799392700195, 9.411660194396973, 71.0, 3140.0, Non-Bite
-2.982856035232544, 3.6774938106536865, 9.220975875854492, 68.0, 3208.0, Non-Bite
-3.0918190479278564, 4.630918025970459, 9.193735122680664, 70.0, 3278.0, Non-Bite
-3.4050869941711426, 6.00657320022583, 9.452521324157715, 72.0, 3350.0, Non-Bite
-1.6344417333602905, 7.123441696166992, 8.417374610900879, 68.0, 3418.0, Non-Bite
0.4903325140476227, 8.036005020141602, 6.42880392074585, 73.0, 3491.0, Non-Bite
1.6072009801864624, 8.499096870422363, 5.475379943847656, 67.0, 3558.0, Non-Bite
2.8602731227874756, 7.4639506340026855, 3.4050869941711426, 72.0, 3630.0, Non-Bite
3.473188638687134, 5.666064739227295, 1.4846179485321045, 69.0, 3699.0, Non-Bite
4.590057373046875, 4.821603298187256, 1.0623871088027954, 71.0, 3770.0, Non-Bite
5.625203609466553, 4.630918025970459, 1.2939330339431763, 70.0, 3840.0, Non-Bite
5.3119354248046875, 6.6603498458862305, 2.71044921875, 70.0, 3910.0, Non-Bite
6.047434329986572, 6.701210975646973, 2.982856035232544, 70.0, 3980.0, Non-Bite
5.775027275085449, 7.041719913482666, 2.9011340141296387, 69.0, 4049.0, Non-Bite
6.347082138061523, 7.695496559143066, 1.7161637544631958, 71.0, 4120.0, Non-Bite
7.886181354522705, 7.654635429382324, 1.2939330339431763, 70.0, 4190.0, Non-Bite
8.376513481140137, 9.071151733398438, -0.06810174137353897, 71.0, 4261.0, Non-Bite
8.580819129943848, 10.678352355957031, -2.0294318199157715, 70.0, 4331.0, Non-Bite
7.9679036140441895, 9.956474304199219, -2.7921712398529053, 67.0, 4398.0, Non-Bite
4.4810943603515625, 8.458235740661621, -0.3813697397708893, 74.0, 4472.0, Non-Bite
4.317650318145752, 6.156397342681885, 1.1441092491149902, 69.0, 4541.0, Non-Bite
4.44023323059082, 4.86246395111084, 1.8387469053268433, 67.0, 4608.0, Non-Bite
3.8954193592071533, 3.827317714691162, 2.5197644233703613, 70.0, 4678.0, Non-Bite
5.3119354248046875, 6.00657320022583, 0.871702253818512, 70.0, 4748.0, Non-Bite
5.35279655456543, 7.232404708862305, 1.2258312702178955, 72.0, 4820.0, Non-Bite
8.88046646118164, 7.545672416687012, -0.2587866187095642, 70.0, 4890.0, Non-Bite
9.915613174438477, 7.545672416687012, -0.4903325140476227, 69.0, 4959.0, Non-Bite
8.771504402160645, 7.654635429382324, 0.34050869941711426, 69.0, 5028.0, Non-Bite
8.349272727966309, 8.648921012878418, -0.3813697397708893, 70.0, 5098.0, Non-Bite
8.117727279663086, 9.72492790222168, -0.9125633239746094, 69.0, 5167.0, Non-Bite
6.510526180267334, 9.343558311462402, -0.5311935544013977, 71.0, 5238.0, Non-Bite
5.35279655456543, 7.804459095001221, 0.5311935544013977, 587.0, 5825.0, Non-Bite
4.508335113525391, 6.047434329986572, 2.0975334644317627, 4.0, 5829.0, Non-Bite
4.167826175689697, 4.058863639831543, 2.7921712398529053, 2.0, 5831.0, Non-Bite
4.317650318145752, 4.249548435211182, 1.9477096796035767, 2.0, 5833.0, Non-Bite
8.839605331420898, 4.317650318145752, 2.3699405193328857, 2.0, 5835.0, Non-Bite
7.736357688903809, 6.537766933441162, 0.14982382953166962, 3.0, 5838.0, Non-Bite
8.539958000183105, 6.769312858581543, -0.953424334526062, 2.0, 5840.0, Non-Bite
10.188019752502441, 5.121250629425049, 1.4165161848068237, 2.0, 5842.0, Non-Bite
7.886181354522705, 5.5843424797058105, 1.1441092491149902, 26.0, 5868.0, Non-Bite
7.886181354522705, 6.0882954597473145, -0.7218784093856812, 70.0, 5938.0, Non-Bite
7.423089504241943, 7.15068244934082, -1.906848669052124, 70.0, 6008.0, Non-Bite
5.856749534606934, 7.695496559143066, 0.44947147369384766, 72.0, 6080.0, Non-Bite
4.086104393005371, 8.076866149902344, 2.179255723953247, 70.0, 6150.0, Non-Bite
3.255263090133667, 8.458235740661621, 2.642347574234009, 70.0, 6220.0, Non-Bite
-1.2258312702178955, 7.9679036140441895, 5.094009876251221, 70.0, 6290.0, Non-Bite
-0.8308411836624146, 6.851035118103027, 6.851035118103027, 69.0, 6359.0, Non-Bite
-1.8659876585006714, 5.3119354248046875, 8.580819129943848, 72.0, 6431.0, Non-Bite
-0.8036004900932312, 2.941995143890381, 9.384419441223145, 70.0, 6501.0, Non-Bite
-0.14982382953166962, 1.2258312702178955, 10.337843894958496, 67.0, 6568.0, Non-Bite
2.179255723953247, 0.34050869941711426, 10.337843894958496, 74.0, 6642.0, Non-Bite
1.7978858947753906, -0.6810173988342285, 11.33212947845459, 67.0, 6709.0, Non-Bite
2.2882184982299805, -0.2587866187095642, 10.760074615478516, 69.0, 6778.0, Non-Bite
1.5254789590835571, 0.0, 10.337843894958496, 72.0, 6850.0, Non-Bite
1.6072009801864624, -0.29964765906333923, 10.41956615447998, 68.0, 6918.0, Non-Bite
1.2939330339431763, -0.14982382953166962, 10.21526050567627, 73.0, 6991.0, Non-Bite
1.8659876585006714, 0.06810174137353897, 9.384419441223145, 68.0, 7059.0, Non-Bite
2.0566725730895996, 0.5720546245574951, 9.11201286315918, 69.0, 7128.0, Non-Bite
1.2939330339431763, 0.6810173988342285, 9.193735122680664, 73.0, 7201.0, Non-Bite
0.44947147369384766, -0.6129156351089478, 11.94504451751709, 67.0, 7268.0, Non-Bite
0.2587866187095642, 0.6401563286781311, 10.337843894958496, 73.0, 7341.0, Non-Bite
0.217925563454628, 0.40861043334007263, 8.458235740661621, 69.0, 7410.0, Non-Bite
-0.29964765906333923, 0.06810174137353897, 10.256121635437012, 69.0, 7479.0, Non-Bite
-0.44947147369384766, 0.29964765906333923, 10.256121635437012, 70.0, 7549.0, Non-Bite
-0.6810173988342285, 0.06810174137353897, 10.446806907653809, 71.0, 7620.0, Non-Bite
0.14982382953166962, -0.0272406954318285, 10.21526050567627, 69.0, 7689.0, Non-Bite
0.6401563286781311, -0.8036004900932312, 9.765789031982422, 70.0, 7759.0, Non-Bite
2.2882184982299805, 0.0272406954318285, 9.72492790222168, 72.0, 7831.0, Non-Bite
-0.217925563454628, -0.6401563286781311, 10.800935745239258, 68.0, 7899.0, Non-Bite
1.7978858947753906, -1.103248119354248, 8.771504402160645, 69.0, 7968.0, Non-Bite
0.3813697397708893, -0.06810174137353897, 9.765789031982422, 70.0, 8038.0, Non-Bite
-0.3813697397708893, 0.40861043334007263, 9.72492790222168, 73.0, 8112.0, Non-Bite
-1.1849702596664429, -0.0272406954318285, 10.256121635437012, 66.0, 8178.0, Non-Bite
-2.3290793895721436, 0.14982382953166962, 9.806650161743164, 74.0, 8252.0, Non-Bite
-2.8330323696136475, 0.0272406954318285, 9.411660194396973, 68.0, 8320.0, Non-Bite
-2.5606253147125244, 0.19068486988544464, 9.575104713439941, 68.0, 8388.0, Non-Bite
-2.3290793895721436, 0.5311935544013977, 9.261836051940918, 73.0, 8461.0, Non-Bite
-2.5606253147125244, 0.6401563286781311, 9.575104713439941, 68.0, 8529.0, Non-Bite
-2.2882184982299805, 0.217925563454628, 9.411660194396973, 71.0, 8600.0, Non-Bite
-2.8330323696136475, 0.19068486988544464, 9.384419441223145, 70.0, 8670.0, Non-Bite
-3.023717164993286, 0.34050869941711426, 9.384419441223145, 69.0, 8739.0, Non-Bite
-2.8602731227874756, 0.3813697397708893, 9.452521324157715, 71.0, 8810.0, Non-Bite
-3.0645782947540283, 0.3813697397708893, 9.384419441223145, 72.0, 8882.0, Non-Bite
-3.214401960372925, 0.34050869941711426, 9.411660194396973, 66.0, 8948.0, Non-Bite
-3.214401960372925, 0.217925563454628, 9.411660194396973, 72.0, 9020.0, Non-Bite
-3.0918190479278564, 0.3813697397708893, 9.30269718170166, 70.0, 9090.0, Non-Bite
-3.1326799392700195, 0.3813697397708893, 9.343558311462402, 68.0, 9158.0, Non-Bite
-3.255263090133667, 0.3813697397708893, 9.261836051940918, 72.0, 9230.0, Non-Bite
-3.255263090133667, 0.44947147369384766, 9.261836051940918, 68.0, 9298.0, Non-Bite
-3.255263090133667, 0.3813697397708893, 9.152873992919922, 72.0, 9370.0, Non-Bite
-3.3642258644104004, 0.4903325140476227, 9.261836051940918, 72.0, 9442.0, Non-Bite
-3.323364734649658, 0.29964765906333923, 9.220975875854492, 69.0, 9511.0, Non-Bite
-3.323364734649658, 0.34050869941711426, 9.30269718170166, 69.0, 9580.0, Non-Bite
-3.4459478855133057, 0.34050869941711426, 9.152873992919922, 70.0, 9650.0, Non-Bite
-3.255263090133667, 0.3813697397708893, 9.071151733398438, 70.0, 9720.0, Non-Bite
-3.3642258644104004, 0.44947147369384766, 9.30269718170166, 70.0, 9790.0, Non-Bite
-3.323364734649658, 0.3813697397708893, 9.152873992919922, 71.0, 9861.0, Non-Bite
-3.323364734649658, 0.3813697397708893, 9.261836051940918, 69.0, 9930.0, Non-Bite
-3.255263090133667, 0.44947147369384766, 9.152873992919922, 70.0, 10000.0, Non-Bite
-3.255263090133667, 0.44947147369384766, 9.220975875854492, 70.0, 10070.0, Non-Bite
-3.282503843307495, 0.3813697397708893, 9.193735122680664, 71.0, 10141.0, Non-Bite
-3.255263090133667, 0.44947147369384766, 9.193735122680664, 70.0, 10211.0, Non-Bite
-3.514049768447876, 0.34050869941711426, 9.193735122680664, 67.0, 10278.0, Non-Bite
-3.4050869941711426, 0.2587866187095642, 9.152873992919922, 70.0, 10348.0, Non-Bite
-3.4050869941711426, 0.40861043334007263, 9.193735122680664, 69.0, 10417.0, Non-Bite
-3.282503843307495, 0.3813697397708893, 9.30269718170166, 71.0, 10488.0, Non-Bite
-3.255263090133667, 0.34050869941711426, 9.220975875854492, 71.0, 10559.0, Non-Bite
-3.323364734649658, 0.2587866187095642, 9.261836051940918, 71.0, 10630.0, Non-Bite
-3.4050869941711426, 0.2587866187095642, 9.193735122680664, 68.0, 10698.0, Non-Bite
-3.323364734649658, 0.34050869941711426, 9.261836051940918, 72.0, 10770.0, Non-Bite
-3.3642258644104004, 0.29964765906333923, 9.152873992919922, 70.0, 10840.0, Non-Bite
-3.323364734649658, 0.3813697397708893, 9.193735122680664, 69.0, 10909.0, Non-Bite
-3.255263090133667, 0.44947147369384766, 9.152873992919922, 71.0, 10980.0, Non-Bite
-3.282503843307495, 0.3813697397708893, 9.152873992919922, 68.0, 11048.0, Non-Bite
-3.282503843307495, 0.40861043334007263, 9.193735122680664, 72.0, 11120.0, Non-Bite
-3.282503843307495, 0.3813697397708893, 9.11201286315918, 71.0, 11191.0, Non-Bite
-3.323364734649658, 0.34050869941711426, 9.30269718170166, 70.0, 11261.0, Non-Bite
-3.3642258644104004, 0.3813697397708893, 9.220975875854492, 68.0, 11329.0, Non-Bite
-3.255263090133667, 0.34050869941711426, 9.193735122680664, 73.0, 11402.0, Non-Bite
-3.214401960372925, 0.3813697397708893, 9.11201286315918, 67.0, 11469.0, Non-Bite
-3.323364734649658, 0.34050869941711426, 9.152873992919922, 70.0, 11539.0, Non-Bite
-3.4459478855133057, 0.40861043334007263, 9.152873992919922, 71.0, 11610.0, Non-Bite
-3.554910659790039, 0.34050869941711426, 9.152873992919922, 72.0, 11682.0, Non-Bite
-3.4459478855133057, 0.29964765906333923, 9.152873992919922, 67.0, 11749.0, Non-Bite
-3.4050869941711426, 0.3813697397708893, 9.220975875854492, 71.0, 11820.0, Non-Bite
-3.3642258644104004, 0.3813697397708893, 9.071151733398438, 68.0, 11888.0, Non-Bite
-3.4050869941711426, 0.40861043334007263, 9.261836051940918, 72.0, 11960.0, Non-Bite
-3.4459478855133057, 0.34050869941711426, 9.193735122680664, 70.0, 12030.0, Non-Bite
-3.4459478855133057, 0.3813697397708893, 9.220975875854492, 70.0, 12100.0, Non-Bite
-3.3642258644104004, 0.40861043334007263, 9.193735122680664, 70.0, 12170.0, Non-Bite
-3.3642258644104004, 0.34050869941711426, 9.193735122680664, 70.0, 12240.0, Non-Bite
-3.3642258644104004, 0.44947147369384766, 9.11201286315918, 68.0, 12308.0, Non-Bite
-3.4459478855133057, 0.3813697397708893, 9.193735122680664, 72.0, 12380.0, Non-Bite
-3.514049768447876, 0.34050869941711426, 9.11201286315918, 70.0, 12450.0, Non-Bite
-3.3642258644104004, 0.40861043334007263, 9.152873992919922, 70.0, 12520.0, Non-Bite
-3.323364734649658, 0.44947147369384766, 9.193735122680664, 70.0, 12590.0, Non-Bite
-3.323364734649658, 0.40861043334007263, 9.193735122680664, 70.0, 12660.0, Non-Bite
-3.3642258644104004, 0.40861043334007263, 9.071151733398438, 70.0, 12730.0, Non-Bite
-3.473188638687134, 0.3813697397708893, 9.30269718170166, 69.0, 12799.0, Non-Bite
-3.214401960372925, 0.3813697397708893, 9.220975875854492, 70.0, 12869.0, Non-Bite
-3.4459478855133057, 0.29964765906333923, 9.343558311462402, 71.0, 12940.0, Non-Bite
-3.554910659790039, 0.108962781727314, 9.72492790222168, 70.0, 13010.0, Non-Bite
-3.3642258644104004, 0.44947147369384766, 9.071151733398438, 70.0, 13080.0, Non-Bite
-2.71044921875, 1.0623871088027954, 9.684066772460938, 70.0, 13150.0, Non-Bite
-3.4050869941711426, 0.19068486988544464, 10.065437316894531, 70.0, 13220.0, Non-Bite
-4.7398810386657715, 1.5663399696350098, 10.024576187133789, 70.0, 13290.0, Non-Bite
-5.815888404846191, 3.4459478855133057, 11.10058307647705, 70.0, 13360.0, Non-Bite
-4.290409564971924, 6.156397342681885, 8.226690292358398, 68.0, 13428.0, Non-Bite
-0.06810174137353897, 6.851035118103027, 4.671779155731201, 72.0, 13500.0, Non-Bite
1.7978858947753906, 7.545672416687012, 2.71044921875, 70.0, 13570.0, Non-Bite
2.9011340141296387, 7.927042484283447, 2.7921712398529053, 70.0, 13640.0, Non-Bite
2.5197644233703613, 7.736357688903809, 3.827317714691162, 68.0, 13708.0, Non-Bite
1.8659876585006714, 7.273265838623047, 4.508335113525391, 72.0, 13780.0, Non-Bite
0.34050869941711426, 8.839605331420898, 4.086104393005371, 70.0, 13850.0, Non-Bite
-2.642347574234009, 9.030290603637695, 6.347082138061523, 70.0, 13920.0, Non-Bite
-2.0566725730895996, 8.376513481140137, 6.197257995605469, 71.0, 13991.0, Non-Bite
-0.9942854046821594, 8.608059883117676, 4.699019908905029, 68.0, 14059.0, Non-Bite
1.9477096796035767, 8.308412551879883, 3.6774938106536865, 70.0, 14129.0, Non-Bite
2.138394594192505, 8.417374610900879, 3.473188638687134, 71.0, 14200.0, Non-Bite
2.642347574234009, 8.539958000183105, 2.8330323696136475, 70.0, 14270.0, Non-Bite
2.478903293609619, 8.580819129943848, 3.514049768447876, 70.0, 14340.0, Non-Bite
1.1849702596664429, 8.308412551879883, 4.2086873054504395, 70.0, 14410.0, Non-Bite
0.14982382953166962, 8.26755142211914, 5.121250629425049, 70.0, 14480.0, Non-Bite
-0.871702253818512, 8.88046646118164, 5.0122880935668945, 70.0, 14550.0, Non-Bite
-2.6014864444732666, 8.68978214263916, 6.129156589508057, 68.0, 14618.0, Non-Bite
2.451662540435791, 8.580819129943848, 3.554910659790039, 72.0, 14690.0, Non-Bite
3.214401960372925, 8.458235740661621, 3.5957717895507813, 71.0, 14761.0, Non-Bite
3.4459478855133057, 8.771504402160645, 2.669588088989258, 69.0, 14830.0, Non-Bite
3.214401960372925, 8.608059883117676, 2.8602731227874756, 68.0, 14898.0, Non-Bite
2.941995143890381, 8.226690292358398, 2.6014864444732666, 72.0, 14970.0, Non-Bite
-0.2587866187095642, 8.349272727966309, 5.5843424797058105, 70.0, 15040.0, Non-Bite
-1.7978858947753906, 8.648921012878418, 6.238119125366211, 68.0, 15108.0, Non-Bite
-1.4165161848068237, 8.076866149902344, 6.319841384887695, 72.0, 15180.0, Non-Bite
3.0645782947540283, 8.458235740661621, 3.4459478855133057, 70.0, 15250.0, Non-Bite
3.4459478855133057, 8.308412551879883, 3.6366329193115234, 69.0, 15319.0, Non-Bite
3.0918190479278564, 8.376513481140137, 3.78645658493042, 70.0, 15389.0, Non-Bite
3.0645782947540283, 8.26755142211914, 3.745595693588257, 71.0, 15460.0, Non-Bite
2.22011661529541, 8.158588409423828, 4.167826175689697, 70.0, 15530.0, Non-Bite
1.2258312702178955, 8.458235740661621, 5.094009876251221, 68.0, 15598.0, Non-Bite
1.0623871088027954, 7.927042484283447, 5.666064739227295, 72.0, 15670.0, Non-Bite
-0.953424334526062, 8.308412551879883, 7.15068244934082, 70.0, 15740.0, Non-Bite
2.5606253147125244, 8.036005020141602, 4.780742168426514, 70.0, 15810.0, Non-Bite
2.2882184982299805, 8.158588409423828, 4.699019908905029, 70.0, 15880.0, Non-Bite
3.8681788444519043, 8.349272727966309, 3.7047345638275146, 70.0, 15950.0, Non-Bite
3.1735410690307617, 8.349272727966309, 3.514049768447876, 70.0, 16020.0, Non-Bite
3.255263090133667, 8.376513481140137, 3.6366329193115234, 70.0, 16090.0, Non-Bite
2.8602731227874756, 8.417374610900879, 3.473188638687134, 70.0, 16160.0, Non-Bite
0.06810174137353897, 8.117727279663086, 5.5843424797058105, 70.0, 16230.0, Non-Bite
-1.4165161848068237, 8.26755142211914, 7.613774299621582, 68.0, 16298.0, Non-Bite
1.2939330339431763, 7.736357688903809, 6.510526180267334, 72.0, 16370.0, Non-Bite
3.255263090133667, 7.927042484283447, 4.549196243286133, 70.0, 16440.0, Non-Bite
2.751310348510742, 8.036005020141602, 4.44023323059082, 68.0, 16508.0, Non-Bite
3.282503843307495, 7.9679036140441895, 4.358511447906494, 72.0, 16580.0, Non-Bite
2.5606253147125244, 8.458235740661621, 4.549196243286133, 69.0, 16649.0, Non-Bite
3.282503843307495, 8.158588409423828, 3.4459478855133057, 71.0, 16720.0, Non-Bite
0.5311935544013977, 8.349272727966309, 5.243834018707275, 70.0, 16790.0, Non-Bite
1.6072009801864624, 7.804459095001221, 5.51624059677124, 68.0, 16858.0, Non-Bite
0.217925563454628, 8.185829162597656, 6.742072105407715, 72.0, 16930.0, Non-Bite
2.3699405193328857, 8.076866149902344, 4.971426963806152, 70.0, 17000.0, Non-Bite
2.0566725730895996, 8.308412551879883, 4.508335113525391, 70.0, 17070.0, Non-Bite
2.0294318199157715, 7.927042484283447, 5.3119354248046875, 70.0, 17140.0, Non-Bite
2.8602731227874756, 8.117727279663086, 4.549196243286133, 70.0, 17210.0, Non-Bite
1.9885708093643188, 8.158588409423828, 5.284695148468018, 70.0, 17280.0, Non-Bite
2.7921712398529053, 8.036005020141602, 4.508335113525391, 70.0, 17350.0, Non-Bite
3.0918190479278564, 7.845320224761963, 4.44023323059082, 70.0, 17420.0, Non-Bite
2.0566725730895996, 7.041719913482666, 5.284695148468018, 71.0, 17491.0, Non-Bite
0.2587866187095642, 6.810173988342285, 6.510526180267334, 67.0, 17558.0, Non-Bite
-0.6129156351089478, 6.701210975646973, 5.706925868988037, 72.0, 17630.0, Non-Bite
-0.9942854046821594, 4.86246395111084, 7.041719913482666, 70.0, 17700.0, Non-Bite
-2.941995143890381, 3.023717164993286, 8.26755142211914, 70.0, 17770.0, Non-Bite
-5.243834018707275, 0.6129156351089478, 9.5342435836792, 70.0, 17840.0, Non-Bite
-3.8954193592071533, 1.334794044494629, 9.575104713439941, 68.0, 17908.0, Non-Bite
-5.625203609466553, 1.103248119354248, 15.322891235351563, 72.0, 17980.0, Non-Bite
-0.0, -0.8036004900932312, 8.798744201660156, 70.0, 18050.0, Non-Bite
-1.2530720233917236, -0.6129156351089478, 10.678352355957031, 70.0, 18120.0, Non-Bite
1.375655174255371, -0.44947147369384766, 9.874752044677734, 68.0, 18188.0, Non-Bite
-0.108962781727314, 0.3813697397708893, 10.1471586227417, 73.0, 18260.0, Non-Bite
0.44947147369384766, -0.06810174137353897, 9.874752044677734, 69.0, 18330.0, Non-Bite
0.6810173988342285, -0.29964765906333923, 9.806650161743164, 68.0, 18398.0, Non-Bite
0.29964765906333923, 0.0, 9.997335433959961, 72.0, 18470.0, Non-Bite
0.34050869941711426, -0.14982382953166962, 9.956474304199219, 70.0, 18540.0, Non-Bite
0.2587866187095642, -0.0272406954318285, 10.024576187133789, 68.0, 18608.0, Non-Bite
0.6810173988342285, -0.14982382953166962, 9.261836051940918, 72.0, 18680.0, Non-Bite
0.9125633239746094, 0.9125633239746094, 9.874752044677734, 71.0, 18751.0, Non-Bite
1.6072009801864624, -0.9942854046821594, 9.72492790222168, 67.0, 18818.0, Non-Bite
-3.282503843307495, -1.1849702596664429, 11.182305335998535, 72.0, 18890.0, Non-Bite
2.982856035232544, -2.0975334644317627, 9.956474304199219, 68.0, 18958.0, Non-Bite
0.34050869941711426, -0.14982382953166962, 9.915613174438477, 70.0, 19028.0, Non-Bite
0.4903325140476227, 0.06810174137353897, 9.72492790222168, 72.0, 19100.0, Non-Bite
-0.0, 0.108962781727314, 9.874752044677734, 69.0, 19169.0, Non-Bite
-1.4437568187713623, -0.217925563454628, 9.833890914916992, 71.0, 19240.0, Non-Bite
-2.0566725730895996, -0.14982382953166962, 9.806650161743164, 70.0, 19310.0, Non-Bite
-1.757024884223938, 0.217925563454628, 9.956474304199219, 70.0, 19380.0, Non-Bite
0.108962781727314, 0.3813697397708893, 9.833890914916992, 70.0, 19450.0, Non-Bite
-0.0, 0.3813697397708893, 9.72492790222168, 70.0, 19520.0, Non-Bite
-0.6810173988342285, 0.2587866187095642, 10.065437316894531, 68.0, 19588.0, Non-Bite
-0.9125633239746094, 0.34050869941711426, 10.024576187133789, 72.0, 19660.0, Non-Bite
-0.6129156351089478, 0.29964765906333923, 9.833890914916992, 70.0, 19730.0, Non-Bite
-0.9942854046821594, 0.3813697397708893, 9.956474304199219, 68.0, 19798.0, Non-Bite
-0.8036004900932312, 0.4903325140476227, 9.833890914916992, 72.0, 19870.0, Non-Bite
-0.6401563286781311, 0.40861043334007263, 9.874752044677734, 70.0, 19940.0, Non-Bite
-0.7627394795417786, 0.29964765906333923, 9.72492790222168, 68.0, 20008.0, Non-Bite
-0.871702253818512, 0.44947147369384766, 10.024576187133789, 72.0, 20080.0, Non-Bite
-0.871702253818512, 0.4903325140476227, 9.833890914916992, 68.0, 20148.0, Non-Bite
-1.1441092491149902, 0.44947147369384766, 9.915613174438477, 72.0, 20220.0, Non-Bite
-1.0623871088027954, 0.34050869941711426, 9.956474304199219, 70.0, 20290.0, Non-Bite
-1.0623871088027954, 0.4903325140476227, 9.806650161743164, 70.0, 20360.0, Non-Bite
-1.1849702596664429, 0.44947147369384766, 9.956474304199219, 68.0, 20428.0, Non-Bite
-1.375655174255371, 0.4903325140476227, 9.806650161743164, 71.0, 20499.0, Non-Bite
-1.4165161848068237, 0.34050869941711426, 9.874752044677734, 71.0, 20570.0, Non-Bite
-1.2939330339431763, 0.40861043334007263, 9.956474304199219, 70.0, 20640.0, Non-Bite
-1.103248119354248, 0.44947147369384766, 9.833890914916992, 67.0, 20707.0, Non-Bite
-1.1441092491149902, 0.40861043334007263, 9.806650161743164, 71.0, 20778.0, Non-Bite
-1.1441092491149902, 0.44947147369384766, 9.833890914916992, 70.0, 20848.0, Non-Bite
-1.103248119354248, 0.40861043334007263, 9.915613174438477, 70.0, 20918.0, Non-Bite
-1.2258312702178955, 0.40861043334007263, 9.765789031982422, 73.0, 20991.0, Non-Bite
-1.1441092491149902, 0.40861043334007263, 9.915613174438477, 69.0, 21060.0, Non-Bite
-1.103248119354248, 0.40861043334007263, 9.765789031982422, 70.0, 21130.0, Non-Bite
-1.103248119354248, 0.4903325140476227, 9.765789031982422, 68.0, 21198.0, Non-Bite
-1.5254789590835571, 0.4903325140476227, 10.1471586227417, 72.0, 21270.0, Non-Bite
-1.4846179485321045, 0.44947147369384766, 10.024576187133789, 70.0, 21340.0, Non-Bite
-1.5663399696350098, 0.3813697397708893, 9.997335433959961, 68.0, 21408.0, Non-Bite
-0.953424334526062, 0.34050869941711426, 9.806650161743164, 72.0, 21480.0, Non-Bite
-0.9942854046821594, 0.40861043334007263, 9.765789031982422, 70.0, 21550.0, Non-Bite
-0.953424334526062, 0.3813697397708893, 9.72492790222168, 68.0, 21618.0, Non-Bite
-1.103248119354248, 0.40861043334007263, 9.806650161743164, 72.0, 21690.0, Non-Bite
-1.4437568187713623, 0.3813697397708893, 9.915613174438477, 70.0, 21760.0, Non-Bite
-1.4437568187713623, 0.29964765906333923, 9.915613174438477, 70.0, 21830.0, Non-Bite
-1.2258312702178955, 0.4903325140476227, 9.60234546661377, 68.0, 21898.0, Non-Bite
-1.2258312702178955, 0.5311935544013977, 9.833890914916992, 72.0, 21970.0, Non-Bite
-1.375655174255371, 0.4903325140476227, 9.915613174438477, 70.0, 22040.0, Non-Bite
-1.2530720233917236, 0.4903325140476227, 9.806650161743164, 68.0, 22108.0, Non-Bite
-1.1849702596664429, 0.40861043334007263, 9.72492790222168, 72.0, 22180.0, Non-Bite
-1.2530720233917236, 0.44947147369384766, 9.956474304199219, 70.0, 22250.0, Non-Bite
-1.4437568187713623, 0.44947147369384766, 9.915613174438477, 70.0, 22320.0, Non-Bite
-1.1849702596664429, 0.4903325140476227, 9.833890914916992, 70.0, 22390.0, Non-Bite
-1.4437568187713623, 0.5311935544013977, 9.806650161743164, 70.0, 22460.0, Non-Bite
-1.7161637544631958, 0.6129156351089478, 9.60234546661377, 68.0, 22528.0, Non-Bite
-1.375655174255371, 0.5720546245574951, 9.684066772460938, 72.0, 22600.0, Non-Bite
-1.5254789590835571, 0.44947147369384766, 9.833890914916992, 68.0, 22668.0, Non-Bite
-1.2530720233917236, 0.44947147369384766, 9.915613174438477, 72.0, 22740.0, Non-Bite
-1.5254789590835571, 0.4903325140476227, 9.72492790222168, 70.0, 22810.0, Non-Bite
-1.375655174255371, 0.6129156351089478, 9.765789031982422, 70.0, 22880.0, Non-Bite
-1.4846179485321045, 0.5720546245574951, 9.833890914916992, 70.0, 22950.0, Non-Bite
-1.4437568187713623, 0.5720546245574951, 9.997335433959961, 69.0, 23019.0, Non-Bite
-1.2939330339431763, 0.5720546245574951, 9.874752044677734, 70.0, 23089.0, Non-Bite
-1.334794044494629, 0.3813697397708893, 9.806650161743164, 71.0, 23160.0, Non-Bite
-1.1849702596664429, 0.5311935544013977, 9.915613174438477, 70.0, 23230.0, Non-Bite
-1.1849702596664429, 0.3813697397708893, 9.806650161743164, 70.0, 23300.0, Non-Bite
-1.103248119354248, 0.40861043334007263, 9.806650161743164, 68.0, 23368.0, Non-Bite
-1.2939330339431763, 0.5720546245574951, 9.806650161743164, 72.0, 23440.0, Non-Bite
-1.103248119354248, 0.40861043334007263, 9.833890914916992, 69.0, 23509.0, Non-Bite
-1.2530720233917236, 0.44947147369384766, 9.874752044677734, 71.0, 23580.0, Non-Bite
-1.103248119354248, 0.3813697397708893, 9.833890914916992, 70.0, 23650.0, Non-Bite
-1.2530720233917236, 0.4903325140476227, 9.874752044677734, 70.0, 23720.0, Non-Bite
-1.1849702596664429, 0.44947147369384766, 9.915613174438477, 70.0, 23790.0, Non-Bite
-1.1849702596664429, 0.5311935544013977, 9.833890914916992, 70.0, 23860.0, Non-Bite
-1.1441092491149902, 0.44947147369384766, 9.874752044677734, 70.0, 23930.0, Non-Bite
-1.103248119354248, 0.44947147369384766, 9.72492790222168, 70.0, 24000.0, Non-Bite
-1.103248119354248, 0.5311935544013977, 9.915613174438477, 70.0, 24070.0, Non-Bite
-1.1441092491149902, 0.44947147369384766, 9.806650161743164, 68.0, 24138.0, Non-Bite
-0.953424334526062, 0.29964765906333923, 10.024576187133789, 72.0, 24210.0, Non-Bite
-1.1441092491149902, -0.108962781727314, 10.337843894958496, 68.0, 24278.0, Non-Bite
-1.8387469053268433, 0.06810174137353897, 9.997335433959961, 71.0, 24349.0, Non-Bite
-3.282503843307495, 1.1849702596664429, 9.384419441223145, 71.0, 24420.0, Non-Bite
-3.8954193592071533, 1.4846179485321045, 8.036005020141602, 71.0, 24491.0, Non-Bite
-6.6603498458862305, 2.9011340141296387, 9.493382453918457, 67.0, 24558.0, Non-Bite
-6.891895771026611, 4.699019908905029, 8.349272727966309, 72.0, 24630.0, Non-Bite
-4.018002510070801, 7.354987621307373, 7.123441696166992, 70.0, 24700.0, Non-Bite
-0.8308411836624146, 8.158588409423828, 5.202972888946533, 70.0, 24770.0, Non-Bite
1.2530720233917236, 7.695496559143066, 2.8602731227874756, 70.0, 24840.0, Non-Bite
3.8954193592071533, 7.654635429382324, 2.0975334644317627, 68.0, 24908.0, Non-Bite
5.775027275085449, 6.047434329986572, 4.126965522766113, 72.0, 24980.0, Non-Bite
-0.5311935544013977, 9.997335433959961, 3.554910659790039, 70.0, 25050.0, Non-Bite
2.669588088989258, 8.499096870422363, 4.399372100830078, 70.0, 25120.0, Non-Bite
0.871702253818512, 8.417374610900879, 3.282503843307495, 70.0, 25190.0, Non-Bite
1.8387469053268433, 7.57291316986084, 4.058863639831543, 68.0, 25258.0, Non-Bite
2.6014864444732666, 9.684066772460938, 3.214401960372925, 72.0, 25330.0, Non-Bite
1.8659876585006714, 9.343558311462402, 3.7047345638275146, 68.0, 25398.0, Non-Bite
1.9477096796035767, 8.839605331420898, 3.8681788444519043, 73.0, 25471.0, Non-Bite
1.8387469053268433, 8.839605331420898, 3.1735410690307617, 69.0, 25540.0, Non-Bite
1.4165161848068237, 8.798744201660156, 3.827317714691162, 70.0, 25610.0, Non-Bite
2.451662540435791, 8.580819129943848, 4.630918025970459, 68.0, 25678.0, Non-Bite
2.0566725730895996, 8.26755142211914, 4.018002510070801, 72.0, 25750.0, Non-Bite
1.8659876585006714, 8.68978214263916, 3.827317714691162, 70.0, 25820.0, Non-Bite
1.8387469053268433, 9.11201286315918, 3.4050869941711426, 70.0, 25890.0, Non-Bite
0.8308411836624146, 9.11201286315918, 4.630918025970459, 70.0, 25960.0, Non-Bite
1.8659876585006714, 8.539958000183105, 3.5957717895507813, 70.0, 26030.0, Non-Bite
1.6344417333602905, 8.376513481140137, 3.9362804889678955, 70.0, 26100.0, Non-Bite
1.5663399696350098, 8.962188720703125, 4.290409564971924, 70.0, 26170.0, Non-Bite
1.0623871088027954, 9.11201286315918, 4.249548435211182, 70.0, 26240.0, Non-Bite
1.334794044494629, 8.458235740661621, 3.745595693588257, 70.0, 26310.0, Non-Bite
2.2882184982299805, 8.158588409423828, 4.167826175689697, 68.0, 26378.0, Non-Bite
3.1326799392700195, 8.417374610900879, 4.317650318145752, 72.0, 26450.0, Non-Bite
2.8602731227874756, 7.804459095001221, 4.249548435211182, 70.0, 26520.0, Non-Bite
1.4165161848068237, 7.613774299621582, 4.086104393005371, 70.0, 26590.0, Non-Bite
-0.14982382953166962, 7.000858783721924, 3.827317714691162, 70.0, 26660.0, Non-Bite
-1.103248119354248, 3.745595693588257, 6.6603498458862305, 70.0, 26730.0, Non-Bite
-5.393657684326172, 0.2587866187095642, 12.476238250732422, 70.0, 26800.0, Non-Bite
-4.671779155731201, -1.757024884223938, 12.517099380493164, 69.0, 26869.0, Non-Bite
-3.473188638687134, -0.06810174137353897, 12.557960510253906, 71.0, 26940.0, Non-Bite
-2.2473573684692383, -0.06810174137353897, 9.806650161743164, 71.0, 27010.0, Non-Bite
-2.5606253147125244, -1.0215260982513428, 9.071151733398438, 69.0, 27080.0, Non-Bite
-0.14982382953166962, -0.0272406954318285, 9.684066772460938, 70.0, 27150.0, Non-Bite
1.5663399696350098, -0.0272406954318285, 9.5342435836792, 70.0, 27220.0, Non-Bite
-0.29964765906333923, -0.06810174137353897, 9.997335433959961, 70.0, 27290.0, Non-Bite
-0.217925563454628, 0.0272406954318285, 10.024576187133789, 70.0, 27360.0, Non-Bite
0.2587866187095642, -1.5663399696350098, 9.997335433959961, 68.0, 27428.0, Non-Bite
0.217925563454628, -0.0272406954318285, 10.188019752502441, 69.0, 27497.0, Non-Bite
-3.3642258644104004, -1.906848669052124, 11.059721946716309, 71.0, 27568.0, Non-Bite
1.757024884223938, -1.4165161848068237, 9.152873992919922, 70.0, 27638.0, Non-Bite
-0.19068486988544464, -0.217925563454628, 9.915613174438477, 70.0, 27708.0, Non-Bite
-0.5311935544013977, 0.3813697397708893, 9.915613174438477, 72.0, 27780.0, Non-Bite
-0.6401563286781311, -0.29964765906333923, 9.493382453918457, 70.0, 27850.0, Non-Bite
-3.554910659790039, -0.3813697397708893, 9.833890914916992, 70.0, 27920.0, Non-Bite
-1.6753027439117432, 0.19068486988544464, 9.72492790222168, 68.0, 27988.0, Non-Bite
-1.5663399696350098, 0.06810174137353897, 9.684066772460938, 71.0, 28060.0, Non-Bite
-1.9477096796035767, 0.0272406954318285, 9.684066772460938, 69.0, 28129.0, Non-Bite
-2.22011661529541, 0.108962781727314, 9.643206596374512, 71.0, 28200.0, Non-Bite
-1.757024884223938, 0.19068486988544464, 9.575104713439941, 70.0, 28270.0, Non-Bite
-2.2882184982299805, 0.3813697397708893, 9.493382453918457, 70.0, 28340.0, Non-Bite
-2.451662540435791, 0.2587866187095642, 9.411660194396973, 68.0, 28408.0, Non-Bite
-2.669588088989258, 0.29964765906333923, 9.5342435836792, 72.0, 28480.0, Non-Bite
-2.5606253147125244, 0.14982382953166962, 9.493382453918457, 70.0, 28550.0, Non-Bite
-2.5606253147125244, 0.2587866187095642, 9.575104713439941, 70.0, 28620.0, Non-Bite
-2.451662540435791, 0.40861043334007263, 9.493382453918457, 70.0, 28690.0, Non-Bite
-2.410801649093628, 0.29964765906333923, 9.452521324157715, 71.0, 28760.0, Non-Bite
-2.478903293609619, 0.3813697397708893, 9.5342435836792, 67.0, 28828.0, Non-Bite
-2.669588088989258, 0.3813697397708893, 9.411660194396973, 72.0, 28900.0, Non-Bite
-2.669588088989258, 0.3813697397708893, 9.452521324157715, 70.0, 28970.0, Non-Bite
-2.451662540435791, 0.40861043334007263, 9.452521324157715, 70.0, 29040.0, Non-Bite
-2.410801649093628, 0.3813697397708893, 9.5342435836792, 70.0, 29110.0, Non-Bite
-2.410801649093628, 0.3813697397708893, 9.60234546661377, 70.0, 29180.0, Non-Bite
-2.22011661529541, 0.2587866187095642, 9.493382453918457, 70.0, 29250.0, Non-Bite
-2.2473573684692383, 0.29964765906333923, 9.493382453918457, 70.0, 29320.0, Non-Bite
-2.5606253147125244, 0.217925563454628, 9.575104713439941, 68.0, 29388.0, Non-Bite
-2.22011661529541, 0.217925563454628, 9.684066772460938, 71.0, 29459.0, Non-Bite
-2.3699405193328857, 0.14982382953166962, 9.60234546661377, 71.0, 29530.0, Non-Bite
-2.5197644233703613, 0.2587866187095642, 9.575104713439941, 70.0, 29600.0, Non-Bite
-2.2473573684692383, 0.14982382953166962, 9.575104713439941, 68.0, 29668.0, Non-Bite
-2.22011661529541, 0.217925563454628, 9.5342435836792, 72.0, 29740.0, Non-Bite
-2.2882184982299805, 0.34050869941711426, 9.5342435836792, 70.0, 29810.0, Non-Bite
-2.410801649093628, 0.19068486988544464, 9.72492790222168, 70.0, 29880.0, Non-Bite
-2.3290793895721436, 0.2587866187095642, 9.452521324157715, 70.0, 29950.0, Non-Bite
-2.3290793895721436, 0.2587866187095642, 9.60234546661377, 70.0, 30020.0, Non-Bite
-2.3699405193328857, 0.217925563454628, 9.5342435836792, 70.0, 30090.0, Non-Bite
-2.3699405193328857, 0.3813697397708893, 9.575104713439941, 70.0, 30160.0, Non-Bite
-2.3699405193328857, 0.2587866187095642, 9.643206596374512, 70.0, 30230.0, Non-Bite
-2.3699405193328857, 0.3813697397708893, 9.493382453918457, 67.0, 30297.0, Non-Bite
-2.2473573684692383, 0.34050869941711426, 9.5342435836792, 71.0, 30367.0, Non-Bite
-2.3290793895721436, 0.3813697397708893, 9.452521324157715, 70.0, 30438.0, Non-Bite
-2.451662540435791, 0.2587866187095642, 9.60234546661377, 72.0, 30510.0, Non-Bite
-2.2882184982299805, 0.2587866187095642, 9.575104713439941, 70.0, 30580.0, Non-Bite
-2.5197644233703613, 0.40861043334007263, 9.493382453918457, 70.0, 30650.0, Non-Bite
-2.451662540435791, 0.29964765906333923, 9.575104713439941, 69.0, 30719.0, Non-Bite
-2.3290793895721436, 0.2587866187095642, 9.493382453918457, 70.0, 30789.0, Non-Bite
-2.478903293609619, 0.3813697397708893, 9.5342435836792, 70.0, 30859.0, Non-Bite
-2.451662540435791, 0.3813697397708893, 9.493382453918457, 71.0, 30930.0, Non-Bite
-2.478903293609619, 0.44947147369384766, 9.5342435836792, 70.0, 31000.0, Non-Bite
-2.451662540435791, 0.3813697397708893, 9.575104713439941, 68.0, 31068.0, Non-Bite
-2.5606253147125244, 0.34050869941711426, 9.411660194396973, 72.0, 31140.0, Non-Bite
-2.410801649093628, 0.40861043334007263, 9.575104713439941, 70.0, 31210.0, Non-Bite
-2.5197644233703613, 0.34050869941711426, 9.384419441223145, 70.0, 31280.0, Non-Bite
-2.478903293609619, 0.34050869941711426, 9.411660194396973, 70.0, 31350.0, Non-Bite
-2.410801649093628, 0.3813697397708893, 9.452521324157715, 68.0, 31418.0, Non-Bite
-2.642347574234009, 0.40861043334007263, 9.5342435836792, 73.0, 31491.0, Non-Bite
-2.642347574234009, 0.34050869941711426, 9.452521324157715, 67.0, 31558.0, Non-Bite
-2.6014864444732666, 0.29964765906333923, 9.493382453918457, 72.0, 31630.0, Non-Bite
-2.478903293609619, 0.40861043334007263, 9.493382453918457, 70.0, 31700.0, Non-Bite
-2.5197644233703613, 0.40861043334007263, 9.411660194396973, 70.0, 31770.0, Non-Bite
-2.478903293609619, 0.34050869941711426, 9.452521324157715, 70.0, 31840.0, Non-Bite
-2.642347574234009, 0.6129156351089478, 9.452521324157715, 70.0, 31910.0, Non-Bite
-2.5606253147125244, 0.44947147369384766, 9.5342435836792, 69.0, 31979.0, Non-Bite
-2.5197644233703613, 0.3813697397708893, 9.5342435836792, 71.0, 32050.0, Non-Bite
-2.642347574234009, 0.44947147369384766, 9.493382453918457, 70.0, 32120.0, Non-Bite
-2.451662540435791, 0.44947147369384766, 9.452521324157715, 70.0, 32190.0, Non-Bite
-2.669588088989258, 0.40861043334007263, 9.493382453918457, 71.0, 32261.0, Non-Bite
-2.478903293609619, 0.3813697397708893, 9.493382453918457, 69.0, 32330.0, Non-Bite
-2.6014864444732666, 0.29964765906333923, 9.493382453918457, 68.0, 32398.0, Non-Bite
-2.5197644233703613, 0.4903325140476227, 9.5342435836792, 72.0, 32470.0, Non-Bite
-2.5606253147125244, 0.44947147369384766, 9.575104713439941, 70.0, 32540.0, Non-Bite
-2.5606253147125244, 0.40861043334007263, 9.493382453918457, 68.0, 32608.0, Non-Bite
-2.5197644233703613, 0.44947147369384766, 9.493382453918457, 72.0, 32680.0, Non-Bite
-2.451662540435791, 0.40861043334007263, 9.493382453918457, 70.0, 32750.0, Non-Bite
-2.5606253147125244, 0.4903325140476227, 9.5342435836792, 70.0, 32820.0, Non-Bite
-2.478903293609619, 0.44947147369384766, 9.60234546661377, 70.0, 32890.0, Non-Bite
-2.478903293609619, 0.40861043334007263, 9.493382453918457, 70.0, 32960.0, Non-Bite
-2.451662540435791, 0.3813697397708893, 9.452521324157715, 70.0, 33030.0, Non-Bite
-2.5197644233703613, 0.5720546245574951, 9.5342435836792, 70.0, 33100.0, Non-Bite
-2.478903293609619, 0.3813697397708893, 9.493382453918457, 70.0, 33170.0, Non-Bite
-2.478903293609619, 0.44947147369384766, 9.5342435836792, 69.0, 33239.0, Non-Bite
-2.451662540435791, 0.40861043334007263, 9.493382453918457, 70.0, 33309.0, Non-Bite
-2.451662540435791, 0.44947147369384766, 9.411660194396973, 71.0, 33380.0, Non-Bite
-2.5197644233703613, 0.44947147369384766, 9.5342435836792, 70.0, 33450.0, Non-Bite
-2.451662540435791, 0.40861043334007263, 9.493382453918457, 70.0, 33520.0, Non-Bite
-2.5197644233703613, 0.4903325140476227, 9.5342435836792, 70.0, 33590.0, Non-Bite
-2.478903293609619, 0.40861043334007263, 9.411660194396973, 70.0, 33660.0, Non-Bite
-2.5606253147125244, 0.40861043334007263, 9.575104713439941, 70.0, 33730.0, Non-Bite
-2.451662540435791, 0.40861043334007263, 9.493382453918457, 68.0, 33798.0, Non-Bite
-2.410801649093628, 0.40861043334007263, 9.493382453918457, 72.0, 33870.0, Non-Bite
-2.642347574234009, 0.44947147369384766, 9.575104713439941, 70.0, 33940.0, Non-Bite
-2.6014864444732666, 0.34050869941711426, 9.765789031982422, 68.0, 34008.0, Non-Bite
-2.6014864444732666, 0.108962781727314, 10.024576187133789, 72.0, 34080.0, Non-Bite
-2.7921712398529053, -0.14982382953166962, 9.60234546661377, 70.0, 34150.0, Non-Bite
-4.549196243286133, 0.4903325140476227, 9.765789031982422, 70.0, 34220.0, Non-Bite
-5.0122880935668945, 1.6753027439117432, 8.921327590942383, 68.0, 34288.0, Non-Bite
-6.810173988342285, 5.3119354248046875, 8.962188720703125, 72.0, 34360.0, Non-Bite
-3.4050869941711426, 6.810173988342285, 7.232404708862305, 70.0, 34430.0, Non-Bite
1.2258312702178955, 7.423089504241943, 4.249548435211182, 70.0, 34500.0, Non-Bite
4.821603298187256, 7.995143890380859, 2.0975334644317627, 69.0, 34569.0, Non-Bite
6.42880392074585, 7.886181354522705, 1.6753027439117432, 71.0, 34640.0, Non-Bite
4.018002510070801, 8.308412551879883, 2.941995143890381, 70.0, 34710.0, Non-Bite
3.0645782947540283, 7.995143890380859, 3.214401960372925, 70.0, 34780.0, Non-Bite
3.473188638687134, 8.226690292358398, 2.71044921875, 71.0, 34851.0, Non-Bite
3.0918190479278564, 7.314126491546631, 2.6014864444732666, 67.0, 34918.0, Non-Bite
4.018002510070801, 7.9679036140441895, 2.71044921875, 73.0, 34991.0, Non-Bite
4.4810943603515625, 8.730643272399902, 2.3699405193328857, 67.0, 35058.0, Non-Bite
3.9771416187286377, 8.921327590942383, 3.554910659790039, 72.0, 35130.0, Non-Bite
4.086104393005371, 8.580819129943848, 2.71044921875, 68.0, 35198.0, Non-Bite
4.399372100830078, 7.695496559143066, 2.7921712398529053, 69.0, 35267.0, Non-Bite
4.317650318145752, 7.886181354522705, 3.1326799392700195, 71.0, 35338.0, Non-Bite
3.8954193592071533, 8.962188720703125, 2.8330323696136475, 70.0, 35408.0, Non-Bite
5.053149223327637, 8.499096870422363, 3.5957717895507813, 70.0, 35478.0, Non-Bite
4.126965522766113, 8.730643272399902, 3.282503843307495, 70.0, 35548.0, Non-Bite
4.167826175689697, 7.314126491546631, 3.8954193592071533, 73.0, 35621.0, Non-Bite
3.827317714691162, 7.695496559143066, 2.138394594192505, 67.0, 35688.0, Non-Bite
4.7398810386657715, 7.4639506340026855, 2.22011661529541, 72.0, 35760.0, Non-Bite
4.86246395111084, 7.845320224761963, 2.179255723953247, 69.0, 35829.0, Non-Bite
6.537766933441162, 7.423089504241943, 1.2530720233917236, 70.0, 35899.0, Non-Bite
3.4050869941711426, 6.959997653961182, 4.126965522766113, 71.0, 35970.0, Non-Bite
0.5311935544013977, 6.9327569007873535, 6.469665050506592, 68.0, 36038.0, Non-Bite
-2.71044921875, 3.554910659790039, 9.72492790222168, 70.0, 36108.0, Non-Bite
-6.278980255126953, 2.2473573684692383, 10.188019752502441, 69.0, 36177.0, Non-Bite
-3.5957717895507813, 0.108962781727314, 10.256121635437012, 71.0, 36248.0, Non-Bite
-1.906848669052124, -2.2473573684692383, 11.94504451751709, 72.0, 36320.0, Non-Bite
-2.179255723953247, -1.0623871088027954, 10.256121635437012, 70.0, 36390.0, Non-Bite
-2.669588088989258, 0.29964765906333923, 9.806650161743164, 70.0, 36460.0, Non-Bite
-2.642347574234009, 0.6129156351089478, 9.874752044677734, 68.0, 36528.0, Non-Bite
0.6810173988342285, -0.29964765906333923, 9.643206596374512, 72.0, 36600.0, Non-Bite
-0.7218784093856812, 0.217925563454628, 9.915613174438477, 68.0, 36668.0, Non-Bite
-0.7218784093856812, 0.06810174137353897, 9.915613174438477, 70.0, 36738.0, Non-Bite
-0.7627394795417786, 0.0, 9.874752044677734, 70.0, 36808.0, Non-Bite
-0.9942854046821594, 0.06810174137353897, 9.874752044677734, 70.0, 36878.0, Non-Bite
-0.40861043334007263, -0.29964765906333923, 9.915613174438477, 72.0, 36950.0, Non-Bite
0.5311935544013977, -0.40861043334007263, 9.915613174438477, 68.0, 37018.0, Non-Bite
-2.478903293609619, 1.2939330339431763, 9.833890914916992, 71.0, 37089.0, Non-Bite
-0.217925563454628, 0.2587866187095642, 9.60234546661377, 69.0, 37158.0, Non-Bite
-1.2258312702178955, -0.0272406954318285, 9.806650161743164, 72.0, 37230.0, Non-Bite
-1.6072009801864624, 0.108962781727314, 9.72492790222168, 70.0, 37300.0, Non-Bite
-1.9885708093643188, 0.217925563454628, 9.765789031982422, 70.0, 37370.0, Non-Bite
-2.478903293609619, 0.217925563454628, 9.684066772460938, 70.0, 37440.0, Non-Bite
-2.3699405193328857, 0.217925563454628, 9.5342435836792, 71.0, 37511.0, Non-Bite
-2.2882184982299805, 0.19068486988544464, 9.765789031982422, 67.0, 37578.0, Non-Bite
-1.1441092491149902, 0.44947147369384766, 9.60234546661377, 72.0, 37650.0, Non-Bite
-1.4846179485321045, 0.3813697397708893, 9.684066772460938, 70.0, 37720.0, Non-Bite
-1.8659876585006714, 0.40861043334007263, 9.765789031982422, 70.0, 37790.0, Non-Bite
-2.22011661529541, 0.5311935544013977, 9.643206596374512, 70.0, 37860.0, Non-Bite
-2.2473573684692383, 0.40861043334007263, 9.643206596374512, 68.0, 37928.0, Non-Bite
-2.0975334644317627, 0.5311935544013977, 9.5342435836792, 72.0, 38000.0, Non-Bite
-2.2882184982299805, 0.4903325140476227, 9.72492790222168, 70.0, 38070.0, Non-Bite
-2.179255723953247, 0.44947147369384766, 9.643206596374512, 68.0, 38138.0, Non-Bite
-2.22011661529541, 0.5311935544013977, 9.493382453918457, 72.0, 38210.0, Non-Bite
-2.3290793895721436, 0.6129156351089478, 9.60234546661377, 70.0, 38280.0, Non-Bite
-2.3699405193328857, 0.4903325140476227, 9.575104713439941, 70.0, 38350.0, Non-Bite
-2.451662540435791, 0.4903325140476227, 9.5342435836792, 69.0, 38419.0, Non-Bite
-2.3699405193328857, 0.44947147369384766, 9.5342435836792, 140.0, 38559.0, Non-Bite
-2.3699405193328857, 0.6129156351089478, 9.5342435836792, 71.0, 38630.0, Non-Bite
-2.22011661529541, 0.6129156351089478, 9.5342435836792, 70.0, 38700.0, Non-Bite
-2.2473573684692383, 0.44947147369384766, 9.5342435836792, 70.0, 38770.0, Non-Bite
-2.3699405193328857, 0.4903325140476227, 9.493382453918457, 70.0, 38840.0, Non-Bite
-2.3290793895721436, 0.4903325140476227, 9.60234546661377, 70.0, 38910.0, Non-Bite
-2.451662540435791, 0.5311935544013977, 9.575104713439941, 68.0, 38978.0, Non-Bite
-2.451662540435791, 0.5311935544013977, 9.411660194396973, 72.0, 39050.0, Non-Bite
-2.5606253147125244, 0.5311935544013977, 9.493382453918457, 70.0, 39120.0, Non-Bite
-2.669588088989258, 0.5311935544013977, 9.493382453918457, 70.0, 39190.0, Non-Bite
-2.451662540435791, 0.4903325140476227, 9.5342435836792, 71.0, 39261.0, Non-Bite
-2.6014864444732666, 0.4903325140476227, 9.452521324157715, 67.0, 39328.0, Non-Bite
-2.7921712398529053, 0.4903325140476227, 9.452521324157715, 72.0, 39400.0, Non-Bite
-2.7921712398529053, 0.5720546245574951, 9.452521324157715, 68.0, 39468.0, Non-Bite
-2.642347574234009, 0.5720546245574951, 9.493382453918457, 72.0, 39540.0, Non-Bite
-2.7921712398529053, 0.5311935544013977, 9.493382453918457, 70.0, 39610.0, Non-Bite
-2.642347574234009, 0.5720546245574951, 9.411660194396973, 68.0, 39678.0, Non-Bite
-2.751310348510742, 0.44947147369384766, 9.452521324157715, 72.0, 39750.0, Non-Bite
-2.8602731227874756, 0.5311935544013977, 9.493382453918457, 70.0, 39820.0, Non-Bite
-2.642347574234009, 0.6129156351089478, 9.452521324157715, 70.0, 39890.0, Non-Bite
-2.642347574234009, 0.5720546245574951, 9.452521324157715, 70.0, 39960.0, Non-Bite
-2.71044921875, 0.44947147369384766, 9.343558311462402, 68.0, 40028.0, Non-Bite
-2.9011340141296387, 0.44947147369384766, 9.452521324157715, 72.0, 40100.0, Non-Bite
-2.982856035232544, 0.6401563286781311, 9.384419441223145, 70.0, 40170.0, Non-Bite
-2.9011340141296387, 0.4903325140476227, 9.452521324157715, 68.0, 40238.0, Non-Bite
-2.8602731227874756, 0.4903325140476227, 9.30269718170166, 72.0, 40310.0, Non-Bite
-2.9011340141296387, 0.44947147369384766, 9.411660194396973, 68.0, 40378.0, Non-Bite
-2.8602731227874756, 0.5311935544013977, 9.343558311462402, 72.0, 40450.0, Non-Bite
-2.7921712398529053, 0.4903325140476227, 9.452521324157715, 70.0, 40520.0, Non-Bite
-2.751310348510742, 0.5720546245574951, 9.384419441223145, 70.0, 40590.0, Non-Bite
-2.751310348510742, 0.4903325140476227, 9.411660194396973, 70.0, 40660.0, Non-Bite
-2.751310348510742, 0.6129156351089478, 9.452521324157715, 70.0, 40730.0, Non-Bite
-2.6014864444732666, 0.4903325140476227, 9.411660194396973, 70.0, 40800.0, Non-Bite
-2.669588088989258, 0.5720546245574951, 9.411660194396973, 68.0, 40868.0, Non-Bite
-2.8330323696136475, 0.5720546245574951, 9.343558311462402, 71.0, 40939.0, Non-Bite
-2.751310348510742, 0.5311935544013977, 9.384419441223145, 71.0, 41010.0, Non-Bite
-2.9011340141296387, 0.4903325140476227, 9.30269718170166, 70.0, 41080.0, Non-Bite
-2.751310348510742, 0.4903325140476227, 9.411660194396973, 67.0, 41147.0, Non-Bite
-2.5197644233703613, 0.5311935544013977, 9.493382453918457, 71.0, 41218.0, Non-Bite
-2.5197644233703613, 0.5720546245574951, 9.452521324157715, 70.0, 41288.0, Non-Bite
-2.669588088989258, 0.4903325140476227, 9.5342435836792, 70.0, 41358.0, Non-Bite
-2.751310348510742, 0.5311935544013977, 9.452521324157715, 72.0, 41430.0, Non-Bite
-2.7921712398529053, 0.5311935544013977, 9.493382453918457, 68.0, 41498.0, Non-Bite
-2.6014864444732666, 0.5311935544013977, 9.411660194396973, 72.0, 41570.0, Non-Bite
-2.9011340141296387, 0.5720546245574951, 9.343558311462402, 70.0, 41640.0, Non-Bite
-2.8602731227874756, 0.6129156351089478, 9.411660194396973, 68.0, 41708.0, Non-Bite
-2.7921712398529053, 0.5311935544013977, 9.384419441223145, 72.0, 41780.0, Non-Bite
-2.5197644233703613, 0.4903325140476227, 9.493382453918457, 68.0, 41848.0, Non-Bite
-2.5606253147125244, 0.5720546245574951, 9.411660194396973, 72.0, 41920.0, Non-Bite
-2.751310348510742, 0.34050869941711426, 9.411660194396973, 71.0, 41991.0, Non-Bite
-2.71044921875, 0.6401563286781311, 9.411660194396973, 71.0, 42062.0, Non-Bite
-2.8330323696136475, 0.5311935544013977, 9.384419441223145, 66.0, 42128.0, Non-Bite
-2.8602731227874756, 0.4903325140476227, 9.452521324157715, 70.0, 42198.0, Non-Bite
-2.71044921875, 0.6810173988342285, 9.384419441223145, 70.0, 42268.0, Non-Bite
-2.7921712398529053, 0.40861043334007263, 9.384419441223145, 70.0, 42338.0, Non-Bite
-2.71044921875, 0.6129156351089478, 9.30269718170166, 72.0, 42410.0, Non-Bite
-2.71044921875, 0.5720546245574951, 9.452521324157715, 68.0, 42478.0, Non-Bite
-2.669588088989258, 0.44947147369384766, 9.493382453918457, 72.0, 42550.0, Non-Bite
-2.7921712398529053, 0.5720546245574951, 9.384419441223145, 70.0, 42620.0, Non-Bite
-2.71044921875, 0.5720546245574951, 9.384419441223145, 68.0, 42688.0, Non-Bite
-2.642347574234009, 0.5720546245574951, 9.343558311462402, 72.0, 42760.0, Non-Bite
-2.71044921875, 0.4903325140476227, 9.343558311462402, 68.0, 42828.0, Non-Bite
-2.9011340141296387, 0.5720546245574951, 9.411660194396973, 72.0, 42900.0, Non-Bite
-2.8602731227874756, 0.6401563286781311, 9.411660194396973, 68.0, 42968.0, Non-Bite
-2.8330323696136475, 0.4903325140476227, 9.411660194396973, 72.0, 43040.0, Non-Bite
-2.8330323696136475, 0.4903325140476227, 9.343558311462402, 70.0, 43110.0, Non-Bite
-2.8330323696136475, 0.5311935544013977, 9.343558311462402, 70.0, 43180.0, Non-Bite
-2.8602731227874756, 0.5720546245574951, 9.411660194396973, 68.0, 43248.0, Non-Bite
-2.8602731227874756, 0.5311935544013977, 9.411660194396973, 72.0, 43320.0, Non-Bite
-2.751310348510742, 0.5720546245574951, 9.493382453918457, 68.0, 43388.0, Non-Bite
-2.982856035232544, 0.5720546245574951, 9.5342435836792, 70.0, 43458.0, Non-Bite
-3.0645782947540283, 0.5720546245574951, 9.384419441223145, 71.0, 43529.0, Non-Bite
-2.751310348510742, 0.2587866187095642, 9.72492790222168, 71.0, 43600.0, Non-Bite
-2.8602731227874756, -0.0272406954318285, 10.024576187133789, 68.0, 43668.0, Non-Bite
-3.6366329193115234, 0.6129156351089478, 9.220975875854492, 72.0, 43740.0, Non-Bite
-4.44023323059082, 1.103248119354248, 8.417374610900879, 70.0, 43810.0, Non-Bite
-5.924851417541504, 2.0294318199157715, 10.48766803741455, 68.0, 43878.0, Non-Bite
-9.30269718170166, 5.51624059677124, 6.197257995605469, 72.0, 43950.0, Non-Bite
-3.78645658493042, 7.082581043243408, 4.44023323059082, 68.0, 44018.0, Non-Bite
-1.6753027439117432, 8.158588409423828, 4.971426963806152, 72.0, 44090.0, Non-Bite
0.6401563286781311, 7.57291316986084, 4.671779155731201, 68.0, 44158.0, Non-Bite
2.669588088989258, 6.810173988342285, 3.7047345638275146, 72.0, 44230.0, Non-Bite
-3.78645658493042, 10.256121635437012, 4.2086873054504395, 68.0, 44298.0, Non-Bite
-0.34050869941711426, 8.771504402160645, 3.3642258644104004, 72.0, 44370.0, Non-Bite
-2.9011340141296387, 8.798744201660156, 2.478903293609619, 68.0, 44438.0, Non-Bite
-1.6344417333602905, 8.771504402160645, 2.8602731227874756, 73.0, 44511.0, Non-Bite
-2.6014864444732666, 9.152873992919922, 2.451662540435791, 67.0, 44578.0, Non-Bite
-1.906848669052124, 8.798744201660156, 2.982856035232544, 72.0, 44650.0, Non-Bite
-1.9885708093643188, 9.193735122680664, 2.478903293609619, 68.0, 44718.0, Non-Bite
-2.410801649093628, 8.580819129943848, 2.941995143890381, 71.0, 44789.0, Non-Bite
-2.22011661529541, 8.608059883117676, 3.214401960372925, 71.0, 44860.0, Non-Bite
-1.9477096796035767, 8.68978214263916, 3.4459478855133057, 70.0, 44930.0, Non-Bite
-1.6344417333602905, 8.771504402160645, 4.086104393005371, 70.0, 45000.0, Non-Bite
0.2587866187095642, 8.88046646118164, 6.129156589508057, 68.0, 45068.0, Non-Bite
0.0272406954318285, 8.962188720703125, 5.35279655456543, 72.0, 45140.0, Non-Bite
-0.7218784093856812, 7.886181354522705, 5.162111759185791, 71.0, 45211.0, Non-Bite
-3.023717164993286, 5.51624059677124, 6.701210975646973, 67.0, 45278.0, Non-Bite
-4.971426963806152, 1.6344417333602905, 7.654635429382324, 70.0, 45348.0, Non-Bite
-3.9771416187286377, -1.1849702596664429, 8.539958000183105, 70.0, 45418.0, Non-Bite
-4.167826175689697, -2.478903293609619, 10.800935745239258, 71.0, 45489.0, Non-Bite
-3.023717164993286, -1.7978858947753906, 14.709975242614746, 71.0, 45560.0, Non-Bite
-0.29964765906333923, 0.108962781727314, 7.995143890380859, 68.0, 45628.0, Non-Bite
-1.8659876585006714, -0.8308411836624146, 11.94504451751709, 70.0, 45698.0, Non-Bite
-0.14982382953166962, -0.14982382953166962, 9.997335433959961, 70.0, 45768.0, Non-Bite
0.0272406954318285, -0.14982382953166962, 9.643206596374512, 70.0, 45838.0, Non-Bite
-0.0272406954318285, 0.0, 9.956474304199219, 70.0, 45908.0, Non-Bite
-0.14982382953166962, -0.06810174137353897, 10.024576187133789, 70.0, 45978.0, Non-Bite
-0.14982382953166962, 0.0, 9.874752044677734, 70.0, 46048.0, Non-Bite
-0.108962781727314, -0.0272406954318285, 9.833890914916992, 71.0, 46119.0, Non-Bite
-1.1849702596664429, 0.06810174137353897, 10.528529167175293, 69.0, 46188.0, Non-Bite
-1.1849702596664429, 0.0272406954318285, 10.800935745239258, 71.0, 46259.0, Non-Bite
0.953424334526062, 1.8659876585006714, 6.9327569007873535, 69.0, 46328.0, Non-Bite
-0.5311935544013977, 0.217925563454628, 9.806650161743164, 72.0, 46400.0, Non-Bite
-0.8308411836624146, 0.19068486988544464, 9.833890914916992, 70.0, 46470.0, Non-Bite
-1.334794044494629, 0.108962781727314, 9.874752044677734, 68.0, 46538.0, Non-Bite
-1.9885708093643188, -0.2587866187095642, 9.874752044677734, 70.0, 46608.0, Non-Bite
-2.5197644233703613, -0.108962781727314, 9.806650161743164, 70.0, 46678.0, Non-Bite
-0.8308411836624146, 0.6810173988342285, 9.765789031982422, 70.0, 46748.0, Non-Bite
-1.1441092491149902, 0.5720546245574951, 9.72492790222168, 70.0, 46818.0, Non-Bite
-1.2530720233917236, 0.29964765906333923, 9.915613174438477, 70.0, 46888.0, Non-Bite
-1.4437568187713623, 0.40861043334007263, 9.684066772460938, 70.0, 46958.0, Non-Bite
-1.2530720233917236, 0.44947147369384766, 9.806650161743164, 75.0, 47033.0, Non-Bite
-1.5254789590835571, 0.34050869941711426, 9.833890914916992, 69.0, 47102.0, Non-Bite
-1.5254789590835571, 0.217925563454628, 9.72492790222168, 66.0, 47168.0, Non-Bite
-1.4165161848068237, 0.40861043334007263, 9.765789031982422, 70.0, 47238.0, Non-Bite
-1.6072009801864624, 0.44947147369384766, 9.72492790222168, 70.0, 47308.0, Non-Bite
-1.5663399696350098, 0.44947147369384766, 9.72492790222168, 70.0, 47378.0, Non-Bite
-1.4846179485321045, 0.5311935544013977, 9.765789031982422, 70.0, 47448.0, Non-Bite
-1.6072009801864624, 0.40861043334007263, 9.765789031982422, 71.0, 47519.0, Non-Bite
-1.7161637544631958, 0.44947147369384766, 9.765789031982422, 69.0, 47588.0, Non-Bite
-1.7161637544631958, 0.40861043334007263, 9.643206596374512, 70.0, 47658.0, Non-Bite
-1.757024884223938, 0.34050869941711426, 9.684066772460938, 70.0, 47728.0, Non-Bite
-1.7161637544631958, 0.44947147369384766, 9.684066772460938, 72.0, 47800.0, Non-Bite
-1.757024884223938, 0.40861043334007263, 9.72492790222168, 68.0, 47868.0, Non-Bite
-1.6753027439117432, 0.40861043334007263, 9.72492790222168, 70.0, 47938.0, Non-Bite
-1.8387469053268433, 0.40861043334007263, 9.72492790222168, 70.0, 48008.0, Non-Bite
-1.8659876585006714, 0.40861043334007263, 9.72492790222168, 70.0, 48078.0, Non-Bite
-1.906848669052124, 0.34050869941711426, 9.684066772460938, 70.0, 48148.0, Non-Bite
-1.9477096796035767, 0.34050869941711426, 9.684066772460938, 70.0, 48218.0, Non-Bite
-1.9477096796035767, 0.40861043334007263, 9.60234546661377, 70.0, 48288.0, Non-Bite
-1.7978858947753906, 0.3813697397708893, 9.684066772460938, 70.0, 48358.0, Non-Bite
-2.0294318199157715, 0.44947147369384766, 9.765789031982422, 71.0, 48429.0, Non-Bite
-2.0294318199157715, 0.3813697397708893, 9.643206596374512, 69.0, 48498.0, Non-Bite
-1.9885708093643188, 0.3813697397708893, 9.452521324157715, 70.0, 48568.0, Non-Bite
-1.9885708093643188, 0.3813697397708893, 9.575104713439941, 70.0, 48638.0, Non-Bite
-1.9885708093643188, 0.29964765906333923, 9.684066772460938, 70.0, 48708.0, Non-Bite
-1.9477096796035767, 0.40861043334007263, 9.575104713439941, 70.0, 48778.0, Non-Bite
-1.8659876585006714, 0.5311935544013977, 9.684066772460938, 70.0, 48848.0, Non-Bite
-1.8659876585006714, 0.44947147369384766, 9.60234546661377, 70.0, 48918.0, Non-Bite
-1.8659876585006714, 0.3813697397708893, 9.765789031982422, 71.0, 48989.0, Non-Bite
-1.9477096796035767, 0.4903325140476227, 9.765789031982422, 69.0, 49058.0, Non-Bite
-2.0975334644317627, 0.3813697397708893, 9.684066772460938, 70.0, 49128.0, Non-Bite
-1.9885708093643188, 0.4903325140476227, 9.643206596374512, 70.0, 49198.0, Non-Bite
-2.0975334644317627, 0.44947147369384766, 9.575104713439941, 70.0, 49268.0, Non-Bite
-2.179255723953247, 0.44947147369384766, 9.60234546661377, 70.0, 49338.0, Non-Bite
-2.0566725730895996, 0.40861043334007263, 9.643206596374512, 70.0, 49408.0, Non-Bite
-2.138394594192505, 0.44947147369384766, 9.72492790222168, 70.0, 49478.0, Non-Bite
-1.9477096796035767, 0.34050869941711426, 9.684066772460938, 70.0, 49548.0, Non-Bite
-1.8659876585006714, 0.6129156351089478, 9.684066772460938, 70.0, 49618.0, Non-Bite
-1.906848669052124, 0.3813697397708893, 9.643206596374512, 70.0, 49688.0, Non-Bite
-1.9885708093643188, 0.3813697397708893, 9.643206596374512, 70.0, 49758.0, Non-Bite
-2.138394594192505, 0.44947147369384766, 9.643206596374512, 70.0, 49828.0, Non-Bite
-1.9885708093643188, 0.3813697397708893, 9.643206596374512, 70.0, 49898.0, Non-Bite
-1.9885708093643188, 0.40861043334007263, 9.684066772460938, 71.0, 49969.0, Non-Bite
-2.0294318199157715, 0.3813697397708893, 9.765789031982422, 69.0, 50038.0, Non-Bite
-1.906848669052124, 0.29964765906333923, 9.575104713439941, 70.0, 50108.0, Non-Bite
-1.9885708093643188, 0.40861043334007263, 9.684066772460938, 70.0, 50178.0, Non-Bite
-1.9477096796035767, 0.3813697397708893, 9.72492790222168, 70.0, 50248.0, Non-Bite
-1.9477096796035767, 0.44947147369384766, 9.72492790222168, 70.0, 50318.0, Non-Bite
-1.9477096796035767, 0.40861043334007263, 9.806650161743164, 70.0, 50388.0, Non-Bite
-1.9477096796035767, 0.40861043334007263, 9.60234546661377, 70.0, 50458.0, Non-Bite
-1.9477096796035767, 0.44947147369384766, 9.643206596374512, 70.0, 50528.0, Non-Bite
-1.8387469053268433, 0.40861043334007263, 9.643206596374512, 70.0, 50598.0, Non-Bite
-1.9477096796035767, 0.40861043334007263, 9.643206596374512, 70.0, 50668.0, Non-Bite
-1.9477096796035767, 0.3813697397708893, 9.60234546661377, 70.0, 50738.0, Non-Bite
-2.0566725730895996, 0.4903325140476227, 9.684066772460938, 70.0, 50808.0, Non-Bite
-1.9477096796035767, 0.34050869941711426, 9.72492790222168, 70.0, 50878.0, Non-Bite
-1.9477096796035767, 0.40861043334007263, 9.643206596374512, 70.0, 50948.0, Non-Bite
-1.8659876585006714, 0.29964765906333923, 9.643206596374512, 70.0, 51018.0, Non-Bite
-1.906848669052124, 0.40861043334007263, 9.684066772460938, 70.0, 51088.0, Non-Bite
-2.0566725730895996, 0.44947147369384766, 9.72492790222168, 70.0, 51158.0, Non-Bite
-2.0294318199157715, 0.44947147369384766, 9.806650161743164, 71.0, 51229.0, Non-Bite
-1.906848669052124, 0.40861043334007263, 9.72492790222168, 69.0, 51298.0, Non-Bite
-1.7978858947753906, 0.5311935544013977, 9.60234546661377, 70.0, 51368.0, Non-Bite
-1.906848669052124, 0.44947147369384766, 9.684066772460938, 70.0, 51438.0, Non-Bite
-1.9477096796035767, 0.4903325140476227, 9.72492790222168, 71.0, 51509.0, Non-Bite
-1.9885708093643188, 0.44947147369384766, 9.72492790222168, 69.0, 51578.0, Non-Bite
-1.906848669052124, 0.44947147369384766, 9.684066772460938, 70.0, 51648.0, Non-Bite
-1.7978858947753906, 0.5311935544013977, 9.806650161743164, 70.0, 51718.0, Non-Bite
-1.6753027439117432, 0.3813697397708893, 9.765789031982422, 70.0, 51788.0, Non-Bite
-1.6072009801864624, 0.3813697397708893, 9.915613174438477, 70.0, 51858.0, Non-Bite
-1.375655174255371, 0.6129156351089478, 9.874752044677734, 70.0, 51928.0, Non-Bite
-1.103248119354248, 0.8036004900932312, 9.72492790222168, 70.0, 51998.0, Non-Bite
-0.6129156351089478, 0.8036004900932312, 9.915613174438477, 70.0, 52068.0, Non-Bite
-0.0, 0.4903325140476227, 9.72492790222168, 70.0, 52138.0, Non-Bite
-0.8308411836624146, 0.6401563286781311, 10.106298446655273, 70.0, 52208.0, Non-Bite
-1.103248119354248, 0.5311935544013977, 10.065437316894531, 70.0, 52278.0, Non-Bite
-0.7218784093856812, 0.40861043334007263, 9.997335433959961, 70.0, 52348.0, Non-Bite
-1.375655174255371, 0.6810173988342285, 9.874752044677734, 70.0, 52418.0, Non-Bite
-1.334794044494629, 0.7627394795417786, 9.72492790222168, 71.0, 52489.0, Non-Bite
-0.9125633239746094, 0.6810173988342285, 9.806650161743164, 69.0, 52558.0, Non-Bite
-0.7627394795417786, 0.7218784093856812, 9.643206596374512, 70.0, 52628.0, Non-Bite
-1.103248119354248, 0.6129156351089478, 10.106298446655273, 70.0, 52698.0, Non-Bite
-1.4846179485321045, 0.9125633239746094, 10.41956615447998, 70.0, 52768.0, Non-Bite
-0.06810174137353897, 1.375655174255371, 9.765789031982422, 89.0, 52857.0, Non-Bite
1.757024884223938, 1.0215260982513428, 9.384419441223145, 51.0, 52908.0, Non-Bite
0.7627394795417786, 1.4437568187713623, 9.915613174438477, 69.0, 52977.0, Non-Bite
0.2587866187095642, 0.9125633239746094, 10.446806907653809, 71.0, 53048.0, Non-Bite
-1.6072009801864624, 1.0623871088027954, 9.60234546661377, 70.0, 53118.0, Non-Bite
-1.906848669052124, 0.5720546245574951, 10.188019752502441, 70.0, 53188.0, Non-Bite
-2.0566725730895996, 1.1441092491149902, 8.989429473876953, 70.0, 53258.0, Non-Bite
-2.642347574234009, 0.8308411836624146, 9.384419441223145, 70.0, 53328.0, Non-Bite
-3.0645782947540283, 1.2258312702178955, 8.26755142211914, 69.0, 53397.0, Non-Bite
-4.508335113525391, 1.334794044494629, 8.417374610900879, 71.0, 53468.0, Non-Bite
-4.249548435211182, 1.4165161848068237, 7.1915435791015625, 70.0, 53538.0, Non-Bite
-4.821603298187256, 1.4165161848068237, 7.654635429382324, 73.0, 53611.0, Non-Bite
-5.393657684326172, 1.2258312702178955, 8.798744201660156, 67.0, 53678.0, Non-Bite
-5.35279655456543, 0.953424334526062, 8.580819129943848, 70.0, 53748.0, Non-Bite
-5.856749534606934, 1.1441092491149902, 7.4639506340026855, 70.0, 53818.0, Non-Bite
-6.319841384887695, 0.9942854046821594, 7.9679036140441895, 70.0, 53888.0, Non-Bite
-6.387943267822266, 0.953424334526062, 7.382228374481201, 70.0, 53958.0, Non-Bite
-6.278980255126953, 0.9942854046821594, 7.1915435791015625, 70.0, 54028.0, Non-Bite
-6.578628063201904, 1.2530720233917236, 6.891895771026611, 70.0, 54098.0, Non-Bite
-6.578628063201904, 1.7978858947753906, 6.129156589508057, 70.0, 54168.0, Non-Bite
-6.891895771026611, 1.8387469053268433, 6.347082138061523, 70.0, 54238.0, Non-Bite
-7.423089504241943, 2.2473573684692383, 5.965712070465088, 70.0, 54308.0, Non-Bite
-7.041719913482666, 2.3290793895721436, 5.965712070465088, 70.0, 54378.0, Non-Bite
-6.701210975646973, 2.451662540435791, 6.42880392074585, 70.0, 54448.0, Non-Bite
-5.856749534606934, 2.478903293609619, 6.701210975646973, 70.0, 54518.0, Non-Bite
-5.625203609466553, 2.751310348510742, 6.347082138061523, 70.0, 54588.0, Non-Bite
-6.278980255126953, 3.1326799392700195, 6.047434329986572, 70.0, 54658.0, Non-Bite
-6.578628063201904, 3.6366329193115234, 4.86246395111084, 70.0, 54728.0, Non-Bite
-8.117727279663086, 3.473188638687134, 5.3119354248046875, 70.0, 54798.0, Non-Bite
-6.156397342681885, 4.358511447906494, 7.504811763763428, 70.0, 54868.0, Non-Bite
-5.51624059677124, 3.255263090133667, 7.232404708862305, 70.0, 54938.0, Non-Bite
-5.053149223327637, 3.1326799392700195, 6.6603498458862305, 70.0, 55008.0, Non-Bite
-5.393657684326172, 3.4459478855133057, 7.314126491546631, 71.0, 55079.0, Non-Bite
-4.317650318145752, 3.255263090133667, 8.158588409423828, 69.0, 55148.0, Non-Bite
-3.214401960372925, 3.214401960372925, 8.458235740661621, 70.0, 55218.0, Non-Bite
-3.4459478855133057, 3.514049768447876, 8.417374610900879, 70.0, 55288.0, Non-Bite
-4.167826175689697, 3.5957717895507813, 7.845320224761963, 70.0, 55358.0, Non-Bite
-4.126965522766113, 3.514049768447876, 8.226690292358398, 70.0, 55428.0, Non-Bite
-3.9362804889678955, 3.473188638687134, 8.158588409423828, 70.0, 55498.0, Non-Bite
-4.2086873054504395, 3.5957717895507813, 8.076866149902344, 70.0, 55568.0, Non-Bite
-4.058863639831543, 3.4459478855133057, 7.995143890380859, 70.0, 55638.0, Non-Bite
-3.9771416187286377, 3.473188638687134, 8.036005020141602, 70.0, 55708.0, Non-Bite
-4.358511447906494, 3.323364734649658, 7.9679036140441895, 70.0, 55778.0, Non-Bite
-3.9771416187286377, 3.0918190479278564, 8.076866149902344, 70.0, 55848.0, Non-Bite
-3.9771416187286377, 2.941995143890381, 8.26755142211914, 70.0, 55918.0, Non-Bite
-4.317650318145752, 2.5606253147125244, 8.539958000183105, 71.0, 55989.0, Non-Bite
-4.630918025970459, 2.451662540435791, 8.376513481140137, 69.0, 56058.0, Non-Bite
-4.44023323059082, 2.3699405193328857, 8.499096870422363, 70.0, 56128.0, Non-Bite
-5.162111759185791, 2.179255723953247, 7.995143890380859, 70.0, 56198.0, Non-Bite
-3.3642258644104004, 1.6072009801864624, 9.11201286315918, 70.0, 56268.0, Non-Bite
-3.214401960372925, 1.8387469053268433, 8.349272727966309, 71.0, 56339.0, Non-Bite
-3.4050869941711426, 1.6344417333602905, 8.68978214263916, 69.0, 56408.0, Non-Bite
-3.0645782947540283, 1.2530720233917236, 9.60234546661377, 70.0, 56478.0, Non-Bite
-2.5606253147125244, 0.9125633239746094, 9.915613174438477, 70.0, 56548.0, Non-Bite
-0.0272406954318285, 0.40861043334007263, 10.188019752502441, 70.0, 56618.0, Non-Bite
3.214401960372925, -0.6401563286781311, 9.5342435836792, 70.0, 56688.0, Non-Bite
1.1441092491149902, 0.217925563454628, 9.997335433959961, 70.0, 56758.0, Non-Bite
0.953424334526062, 0.4903325140476227, 10.106298446655273, 71.0, 56829.0, Non-Bite
1.103248119354248, 0.108962781727314, 9.833890914916992, 69.0, 56898.0, Non-Bite
1.0623871088027954, 0.0272406954318285, 9.915613174438477, 70.0, 56968.0, Non-Bite
0.8036004900932312, 0.0, 10.21526050567627, 70.0, 57038.0, Non-Bite
1.2939330339431763, 0.2587866187095642, 9.997335433959961, 70.0, 57108.0, Non-Bite
1.334794044494629, 0.217925563454628, 9.806650161743164, 70.0, 57178.0, Non-Bite
1.334794044494629, 0.217925563454628, 9.956474304199219, 70.0, 57248.0, Non-Bite
0.9125633239746094, 0.217925563454628, 10.065437316894531, 72.0, 57320.0, Non-Bite
2.410801649093628, 1.0623871088027954, 9.30269718170166, 67.0, 57387.0, Non-Bite
0.953424334526062, 0.40861043334007263, 9.956474304199219, 71.0, 57458.0, Non-Bite
4.86246395111084, 2.941995143890381, 10.760074615478516, 70.0, 57528.0, Non-Bite
0.6401563286781311, 0.6401563286781311, 9.765789031982422, 72.0, 57600.0, Non-Bite
0.217925563454628, 0.2587866187095642, 10.106298446655273, 68.0, 57668.0, Non-Bite
0.8036004900932312, 0.34050869941711426, 9.833890914916992, 70.0, 57738.0, Non-Bite
-0.9125633239746094, -0.108962781727314, 10.256121635437012, 72.0, 57810.0, Non-Bite
-1.5254789590835571, 0.0, 9.997335433959961, 68.0, 57878.0, Non-Bite
-0.6129156351089478, 0.5311935544013977, 9.806650161743164, 70.0, 57948.0, Non-Bite
-0.5311935544013977, 0.3813697397708893, 9.806650161743164, 70.0, 58018.0, Non-Bite
-0.8036004900932312, 0.3813697397708893, 9.956474304199219, 70.0, 58088.0, Non-Bite
-0.9942854046821594, 0.4903325140476227, 9.956474304199219, 70.0, 58158.0, Non-Bite
-1.1849702596664429, 0.6401563286781311, 9.684066772460938, 70.0, 58228.0, Non-Bite
-1.4846179485321045, 0.5720546245574951, 9.765789031982422, 70.0, 58298.0, Non-Bite
-1.4846179485321045, 0.6401563286781311, 9.874752044677734, 70.0, 58368.0, Non-Bite
-1.334794044494629, 0.7627394795417786, 9.684066772460938, 70.0, 58438.0, Non-Bite
-1.4846179485321045, 0.6810173988342285, 9.643206596374512, 70.0, 58508.0, Non-Bite
-1.375655174255371, 0.7627394795417786, 9.806650161743164, 70.0, 58578.0, Non-Bite
-1.375655174255371, 0.8308411836624146, 9.806650161743164, 70.0, 58648.0, Non-Bite
-1.334794044494629, 0.7627394795417786, 9.806650161743164, 70.0, 58718.0, Non-Bite
-1.375655174255371, 0.7218784093856812, 9.643206596374512, 70.0, 58788.0, Non-Bite
-1.4437568187713623, 0.6401563286781311, 9.874752044677734, 70.0, 58858.0, Non-Bite
-1.2939330339431763, 0.6810173988342285, 9.833890914916992, 71.0, 58929.0, Non-Bite
-1.334794044494629, 0.7627394795417786, 9.684066772460938, 69.0, 58998.0, Non-Bite
-1.2258312702178955, 0.7627394795417786, 9.765789031982422, 70.0, 59068.0, Non-Bite
-1.2939330339431763, 0.6810173988342285, 9.874752044677734, 70.0, 59138.0, Non-Bite
-1.2258312702178955, 0.6401563286781311, 9.806650161743164, 70.0, 59208.0, Non-Bite
-1.2939330339431763, 0.6129156351089478, 9.874752044677734, 70.0, 59278.0, Non-Bite
-1.334794044494629, 0.6401563286781311, 9.806650161743164, 70.0, 59348.0, Non-Bite
-1.375655174255371, 0.6401563286781311, 9.915613174438477, 70.0, 59418.0, Non-Bite
-1.4165161848068237, 0.7218784093856812, 9.72492790222168, 71.0, 59489.0, Non-Bite
-1.375655174255371, 0.6810173988342285, 9.765789031982422, 69.0, 59558.0, Non-Bite
-1.4437568187713623, 0.7218784093856812, 9.874752044677734, 70.0, 59628.0, Non-Bite
-1.4165161848068237, 0.6810173988342285, 9.684066772460938, 70.0, 59698.0, Non-Bite
-1.5254789590835571, 0.7218784093856812, 9.915613174438477, 70.0, 59768.0, Non-Bite
-1.4165161848068237, 0.6401563286781311, 9.765789031982422, 70.0, 59838.0, Non-Bite
-1.0623871088027954, 0.6401563286781311, 9.72492790222168, 70.0, 59908.0, Non-Bite
-1.334794044494629, 0.7627394795417786, 9.72492790222168, 70.0, 59978.0, Non-Bite
-1.5254789590835571, 0.5720546245574951, 9.806650161743164, 70.0, 60048.0, Non-Bite
-1.4165161848068237, 0.6810173988342285, 9.72492790222168, 70.0, 60118.0, Non-Bite
-1.2258312702178955, 0.4903325140476227, 9.72492790222168, 71.0, 60189.0, Non-Bite
-1.334794044494629, 0.6129156351089478, 9.72492790222168, 69.0, 60258.0, Non-Bite
-1.5254789590835571, 0.6401563286781311, 9.833890914916992, 205.0, 60463.0, Non-Bite
-1.4165161848068237, 0.6401563286781311, 9.765789031982422, 2.0, 60465.0, Non-Bite
-1.334794044494629, 0.7627394795417786, 9.806650161743164, 11.0, 60476.0, Non-Bite
-1.4165161848068237, 0.5720546245574951, 9.806650161743164, 62.0, 60538.0, Non-Bite
-1.4165161848068237, 0.6810173988342285, 9.72492790222168, 69.0, 60607.0, Non-Bite
-1.4437568187713623, 0.6129156351089478, 9.765789031982422, 71.0, 60678.0, Non-Bite
-1.4165161848068237, 0.5720546245574951, 9.806650161743164, 73.0, 60751.0, Non-Bite
-1.5254789590835571, 0.6129156351089478, 9.806650161743164, 67.0, 60818.0, Non-Bite
-1.4437568187713623, 0.5311935544013977, 9.806650161743164, 70.0, 60888.0, Non-Bite
-1.375655174255371, 0.7218784093856812, 9.765789031982422, 70.0, 60958.0, Non-Bite
-1.334794044494629, 0.8036004900932312, 9.765789031982422, 70.0, 61028.0, Non-Bite
-1.4165161848068237, 0.6129156351089478, 9.833890914916992, 70.0, 61098.0, Non-Bite
-1.4165161848068237, 0.6129156351089478, 9.684066772460938, 70.0, 61168.0, Non-Bite
-1.4437568187713623, 0.7218784093856812, 9.765789031982422, 70.0, 61238.0, Non-Bite
-1.4165161848068237, 0.6401563286781311, 9.833890914916992, 70.0, 61308.0, Non-Bite
-1.5254789590835571, 0.871702253818512, 9.997335433959961, 70.0, 61378.0, Non-Bite
-1.1849702596664429, 0.3813697397708893, 9.684066772460938, 70.0, 61448.0, Non-Bite
-1.6344417333602905, 0.7218784093856812, 9.684066772460938, 71.0, 61519.0, Non-Bite
-0.8308411836624146, 0.5311935544013977, 9.684066772460938, 70.0, 61589.0, Non-Bite
-1.6072009801864624, 0.7218784093856812, 9.72492790222168, 70.0, 61659.0, Non-Bite
-1.0623871088027954, 0.5311935544013977, 9.765789031982422, 69.0, 61728.0, Non-Bite
-1.5254789590835571, 0.8308411836624146, 9.874752044677734, 70.0, 61798.0, Non-Bite
-1.4165161848068237, 0.5311935544013977, 9.765789031982422, 70.0, 61868.0, Non-Bite
-1.4165161848068237, 0.7218784093856812, 9.806650161743164, 70.0, 61938.0, Non-Bite
-1.2258312702178955, 0.6401563286781311, 9.915613174438477, 70.0, 62008.0, Non-Bite
-1.6753027439117432, 0.6810173988342285, 9.956474304199219, 70.0, 62078.0, Non-Bite
-1.5254789590835571, 0.5720546245574951, 9.956474304199219, 70.0, 62148.0, Non-Bite
-1.1849702596664429, 0.6129156351089478, 9.806650161743164, 70.0, 62218.0, Non-Bite
-1.375655174255371, 0.5720546245574951, 9.915613174438477, 70.0, 62288.0, Non-Bite
-1.1441092491149902, 0.4903325140476227, 9.833890914916992, 69.0, 62357.0, Non-Bite
-0.9942854046821594, 0.6401563286781311, 9.765789031982422, 70.0, 62427.0, Non-Bite
-0.871702253818512, 0.5720546245574951, 9.60234546661377, 71.0, 62498.0, Non-Bite
-1.0623871088027954, 0.5720546245574951, 9.765789031982422, 73.0, 62571.0, Non-Bite
-0.6401563286781311, 0.44947147369384766, 10.024576187133789, 67.0, 62638.0, Non-Bite
-0.6129156351089478, 0.40861043334007263, 9.956474304199219, 70.0, 62708.0, Non-Bite
-0.44947147369384766, -0.19068486988544464, 9.956474304199219, 72.0, 62780.0, Non-Bite
-1.0215260982513428, 0.34050869941711426, 10.256121635437012, 68.0, 62848.0, Non-Bite
-1.103248119354248, 0.34050869941711426, 10.48766803741455, 70.0, 62918.0, Non-Bite
-0.871702253818512, 0.7218784093856812, 9.915613174438477, 71.0, 62989.0, Non-Bite
-0.9125633239746094, 0.8308411836624146, 9.30269718170166, 69.0, 63058.0, Non-Bite
-1.5254789590835571, 1.1849702596664429, 8.921327590942383, 70.0, 63128.0, Non-Bite
-3.6774938106536865, 1.4437568187713623, 7.886181354522705, 70.0, 63198.0, Non-Bite
-4.821603298187256, 1.757024884223938, 8.539958000183105, 70.0, 63268.0, Non-Bite
-4.086104393005371, 1.906848669052124, 9.575104713439941, 70.0, 63338.0, Non-Bite
-2.751310348510742, 1.375655174255371, 9.11201286315918, 70.0, 63408.0, Non-Bite
-2.478903293609619, -0.5311935544013977, 9.765789031982422, 70.0, 63478.0, Non-Bite
-4.290409564971924, 0.217925563454628, 9.30269718170166, 70.0, 63548.0, Non-Bite
-3.9362804889678955, 0.2587866187095642, 9.72492790222168, 70.0, 63618.0, Non-Bite
-2.478903293609619, 0.108962781727314, 8.839605331420898, 70.0, 63688.0, Non-Bite
-2.982856035232544, -1.0623871088027954, 9.152873992919922, 70.0, 63758.0, Non-Bite
-2.642347574234009, -1.8659876585006714, 9.411660194396973, 70.0, 63828.0, Non-Bite
-1.334794044494629, -2.179255723953247, 9.833890914916992, 70.0, 63898.0, Non-Bite
-0.29964765906333923, -1.9885708093643188, 9.411660194396973, 70.0, 63968.0, Non-Bite
-1.1441092491149902, -1.7161637544631958, 9.765789031982422, 72.0, 64040.0, Non-Bite
-0.06810174137353897, -0.14982382953166962, 9.915613174438477, 68.0, 64108.0, Non-Bite
-0.6401563286781311, 0.06810174137353897, 9.997335433959961, 70.0, 64178.0, Non-Bite
-1.8659876585006714, 0.6129156351089478, 9.60234546661377, 70.0, 64248.0, Non-Bite
-3.9771416187286377, 0.5311935544013977, 9.874752044677734, 70.0, 64318.0, Non-Bite
-3.1735410690307617, 0.14982382953166962, 8.962188720703125, 70.0, 64388.0, Non-Bite
-3.0918190479278564, -0.34050869941711426, 9.220975875854492, 70.0, 64458.0, Non-Bite
-3.0918190479278564, -1.0215260982513428, 9.071151733398438, 70.0, 64528.0, Non-Bite
-2.2473573684692383, -1.757024884223938, 9.575104713439941, 70.0, 64598.0, Non-Bite
-1.0215260982513428, -2.179255723953247, 10.024576187133789, 70.0, 64668.0, Non-Bite
-0.14982382953166962, -1.9885708093643188, 9.643206596374512, 70.0, 64738.0, Non-Bite
-0.44947147369384766, -1.2258312702178955, 9.833890914916992, 70.0, 64808.0, Non-Bite
-0.871702253818512, -0.44947147369384766, 9.72492790222168, 70.0, 64878.0, Non-Bite
-1.906848669052124, 0.217925563454628, 9.833890914916992, 70.0, 64948.0, Non-Bite
-2.8602731227874756, 0.0, 9.411660194396973, 70.0, 65018.0, Non-Bite
-3.9362804889678955, -0.44947147369384766, 9.874752044677734, 70.0, 65088.0, Non-Bite
-2.5606253147125244, -1.103248119354248, 10.024576187133789, 70.0, 65158.0, Non-Bite
-0.8036004900932312, -0.14982382953166962, 9.30269718170166, 70.0, 65228.0, Non-Bite
-0.29964765906333923, -0.217925563454628, 9.343558311462402, 69.0, 65297.0, Non-Bite
4.549196243286133, -0.2587866187095642, 9.071151733398438, 70.0, 65367.0, Non-Bite
5.3119354248046875, -0.8036004900932312, 7.613774299621582, 70.0, 65437.0, Non-Bite
4.399372100830078, -0.5311935544013977, 9.030290603637695, 72.0, 65509.0, Non-Bite
2.5606253147125244, 0.34050869941711426, 10.024576187133789, 69.0, 65578.0, Non-Bite
3.4050869941711426, -0.108962781727314, 9.384419441223145, 70.0, 65648.0, Non-Bite
4.249548435211182, 0.14982382953166962, 9.261836051940918, 70.0, 65718.0, Non-Bite
3.255263090133667, 0.0, 9.30269718170166, 70.0, 65788.0, Non-Bite
3.255263090133667, 0.108962781727314, 9.575104713439941, 70.0, 65858.0, Non-Bite
4.317650318145752, -0.871702253818512, 9.915613174438477, 70.0, 65928.0, Non-Bite
0.217925563454628, 1.1441092491149902, 10.869037628173828, 73.0, 66001.0, Non-Bite
0.9942854046821594, -0.29964765906333923, 10.21526050567627, 66.0, 66067.0, Non-Bite
-0.4903325140476227, -1.0215260982513428, 11.141444206237793, 72.0, 66139.0, Non-Bite
4.2086873054504395, -1.2939330339431763, 8.730643272399902, 69.0, 66208.0, Non-Bite
1.5254789590835571, 0.34050869941711426, 9.915613174438477, 70.0, 66278.0, Non-Bite
1.7978858947753906, 0.14982382953166962, 9.833890914916992, 70.0, 66348.0, Non-Bite
1.2258312702178955, 0.44947147369384766, 9.956474304199219, 70.0, 66418.0, Non-Bite
0.40861043334007263, 0.108962781727314, 10.1471586227417, 71.0, 66489.0, Non-Bite
0.3813697397708893, 0.217925563454628, 10.21526050567627, 69.0, 66558.0, Non-Bite
0.6129156351089478, 0.4903325140476227, 9.956474304199219, 72.0, 66630.0, Non-Bite
1.5254789590835571, 0.3813697397708893, 9.765789031982422, 68.0, 66698.0, Non-Bite
1.2530720233917236, 0.40861043334007263, 9.915613174438477, 70.0, 66768.0, Non-Bite
1.103248119354248, 0.5720546245574951, 9.833890914916992, 70.0, 66838.0, Non-Bite
0.6129156351089478, 0.6129156351089478, 9.874752044677734, 70.0, 66908.0, Non-Bite
-0.0, 0.29964765906333923, 10.065437316894531, 70.0, 66978.0, Non-Bite
0.06810174137353897, 0.3813697397708893, 10.106298446655273, 70.0, 67048.0, Non-Bite
0.19068486988544464, 0.34050869941711426, 9.956474304199219, 70.0, 67118.0, Non-Bite
0.19068486988544464, 0.44947147369384766, 9.997335433959961, 70.0, 67188.0, Non-Bite
-0.0272406954318285, 0.44947147369384766, 10.024576187133789, 70.0, 67258.0, Non-Bite
0.3813697397708893, 0.44947147369384766, 9.915613174438477, 69.0, 67327.0, Non-Bite
0.40861043334007263, 0.5311935544013977, 10.024576187133789, 71.0, 67397.0, Non-Bite
0.108962781727314, 0.5311935544013977, 10.065437316894531, 73.0, 67471.0, Non-Bite
0.44947147369384766, 0.4903325140476227, 9.997335433959961, 67.0, 67538.0, Non-Bite
0.34050869941711426, 0.44947147369384766, 9.956474304199219, 70.0, 67608.0, Non-Bite
0.29964765906333923, 0.3813697397708893, 9.956474304199219, 70.0, 67678.0, Non-Bite
0.2587866187095642, 0.40861043334007263, 9.956474304199219, 70.0, 67748.0, Non-Bite
0.34050869941711426, 0.44947147369384766, 9.915613174438477, 70.0, 67818.0, Non-Bite
0.2587866187095642, 0.4903325140476227, 10.065437316894531, 72.0, 67890.0, Non-Bite
0.2587866187095642, 0.44947147369384766, 9.997335433959961, 68.0, 67958.0, Non-Bite
0.44947147369384766, 0.6129156351089478, 9.997335433959961, 70.0, 68028.0, Non-Bite
0.5311935544013977, 0.5720546245574951, 9.956474304199219, 70.0, 68098.0, Non-Bite
0.5720546245574951, 0.4903325140476227, 10.024576187133789, 70.0, 68168.0, Non-Bite
0.4903325140476227, 0.5720546245574951, 10.065437316894531, 70.0, 68238.0, Non-Bite
0.6401563286781311, 0.7627394795417786, 10.106298446655273, 70.0, 68308.0, Non-Bite
1.0623871088027954, 1.103248119354248, 9.956474304199219, 70.0, 68378.0, Non-Bite
0.9942854046821594, 1.6753027439117432, 9.806650161743164, 70.0, 68448.0, Non-Bite
1.0215260982513428, 1.2258312702178955, 9.643206596374512, 70.0, 68518.0, Non-Bite
0.7627394795417786, 0.9942854046821594, 9.72492790222168, 70.0, 68588.0, Non-Bite
-0.40861043334007263, 0.6129156351089478, 5.5843424797058105, 70.0, 68658.0, Non-Bite
-5.965712070465088, 0.5720546245574951, 10.760074615478516, 70.0, 68728.0, Non-Bite
-4.630918025970459, 2.8602731227874756, 10.337843894958496, 70.0, 68798.0, Non-Bite
0.29964765906333923, 3.023717164993286, 3.0645782947540283, 70.0, 68868.0, Non-Bite
-6.537766933441162, 5.243834018707275, 18.115062713623047, 71.0, 68939.0, Non-Bite
-1.2939330339431763, 5.625203609466553, 8.839605331420898, 69.0, 69008.0, Non-Bite
-1.4437568187713623, 5.51624059677124, 8.989429473876953, 69.0, 69077.0, Non-Bite
-3.8681788444519043, 3.214401960372925, 9.071151733398438, 71.0, 69148.0, Non-Bite
-2.642347574234009, 3.78645658493042, 8.580819129943848, 72.0, 69220.0, Non-Bite
-3.323364734649658, 3.8681788444519043, 8.417374610900879, 68.0, 69288.0, Non-Bite
-3.0645782947540283, 3.78645658493042, 8.376513481140137, 70.0, 69358.0, Non-Bite
-2.9011340141296387, 3.827317714691162, 8.349272727966309, 70.0, 69428.0, Non-Bite
-3.323364734649658, 3.78645658493042, 8.539958000183105, 70.0, 69498.0, Non-Bite
-3.1735410690307617, 3.827317714691162, 8.458235740661621, 70.0, 69568.0, Non-Bite
-2.9011340141296387, 3.8681788444519043, 8.458235740661621, 70.0, 69638.0, Non-Bite
-3.023717164993286, 3.8681788444519043, 8.458235740661621, 70.0, 69708.0, Non-Bite
-2.8602731227874756, 3.78645658493042, 8.499096870422363, 70.0, 69778.0, Non-Bite
-3.023717164993286, 3.745595693588257, 8.539958000183105, 70.0, 69848.0, Non-Bite
-2.982856035232544, 3.745595693588257, 8.458235740661621, 70.0, 69918.0, Non-Bite
-2.982856035232544, 3.6774938106536865, 8.499096870422363, 70.0, 69988.0, Non-Bite
-2.669588088989258, 3.827317714691162, 8.458235740661621, 70.0, 70058.0, Non-Bite
-2.7921712398529053, 3.827317714691162, 8.68978214263916, 70.0, 70128.0, Non-Bite
-2.9011340141296387, 3.827317714691162, 8.608059883117676, 70.0, 70198.0, Non-Bite
-2.9011340141296387, 3.827317714691162, 8.458235740661621, 70.0, 70268.0, Non-Bite
-2.7921712398529053, 3.827317714691162, 8.499096870422363, 70.0, 70338.0, Non-Bite
-2.8602731227874756, 3.554910659790039, 8.580819129943848, 71.0, 70409.0, Non-Bite
-3.0918190479278564, 3.473188638687134, 8.580819129943848, 69.0, 70478.0, Non-Bite
-2.9011340141296387, 3.6774938106536865, 8.499096870422363, 70.0, 70548.0, Non-Bite
-2.9011340141296387, 3.8954193592071533, 8.608059883117676, 70.0, 70618.0, Non-Bite
-2.982856035232544, 3.7047345638275146, 8.648921012878418, 70.0, 70688.0, Non-Bite
-3.0918190479278564, 3.78645658493042, 8.539958000183105, 70.0, 70758.0, Non-Bite
-2.8330323696136475, 3.6774938106536865, 8.608059883117676, 70.0, 70828.0, Non-Bite
-3.0645782947540283, 3.827317714691162, 8.648921012878418, 70.0, 70898.0, Non-Bite
-2.982856035232544, 3.7047345638275146, 8.730643272399902, 70.0, 70968.0, Non-Bite
-2.9011340141296387, 3.6774938106536865, 8.458235740661621, 70.0, 71038.0, Non-Bite
-2.8330323696136475, 3.7047345638275146, 8.68978214263916, 70.0, 71108.0, Non-Bite
-2.9011340141296387, 3.7047345638275146, 8.608059883117676, 70.0, 71178.0, Non-Bite
-2.8602731227874756, 3.6366329193115234, 8.608059883117676, 70.0, 71248.0, Non-Bite
-2.982856035232544, 3.6774938106536865, 8.68978214263916, 70.0, 71318.0, Non-Bite
-2.982856035232544, 3.7047345638275146, 8.68978214263916, 70.0, 71388.0, Non-Bite
-2.8602731227874756, 3.7047345638275146, 8.580819129943848, 70.0, 71458.0, Non-Bite
-2.8330323696136475, 3.6774938106536865, 8.68978214263916, 70.0, 71528.0, Non-Bite
-2.8602731227874756, 3.6366329193115234, 8.539958000183105, 70.0, 71598.0, Non-Bite
-2.8602731227874756, 3.6774938106536865, 8.580819129943848, 70.0, 71668.0, Non-Bite
-2.8602731227874756, 3.7047345638275146, 8.608059883117676, 71.0, 71739.0, Non-Bite
-2.982856035232544, 3.6366329193115234, 8.648921012878418, 69.0, 71808.0, Non-Bite
-2.941995143890381, 3.745595693588257, 8.648921012878418, 70.0, 71878.0, Non-Bite
-2.7921712398529053, 3.745595693588257, 8.730643272399902, 70.0, 71948.0, Non-Bite
-2.8330323696136475, 3.5957717895507813, 8.539958000183105, 70.0, 72018.0, Non-Bite
-2.9011340141296387, 3.5957717895507813, 8.68978214263916, 70.0, 72088.0, Non-Bite
-2.751310348510742, 3.6366329193115234, 8.608059883117676, 70.0, 72158.0, Non-Bite
-2.9011340141296387, 3.6366329193115234, 8.68978214263916, 70.0, 72228.0, Non-Bite
-2.8602731227874756, 3.473188638687134, 8.539958000183105, 70.0, 72298.0, Non-Bite
-2.9011340141296387, 3.745595693588257, 8.539958000183105, 70.0, 72368.0, Non-Bite
-2.9011340141296387, 3.6366329193115234, 8.648921012878418, 70.0, 72438.0, Non-Bite
-2.8602731227874756, 3.745595693588257, 8.580819129943848, 70.0, 72508.0, Non-Bite
-2.8602731227874756, 3.6366329193115234, 8.648921012878418, 70.0, 72578.0, Non-Bite
-2.9011340141296387, 3.5957717895507813, 8.608059883117676, 70.0, 72648.0, Non-Bite
-2.941995143890381, 3.5957717895507813, 8.648921012878418, 70.0, 72718.0, Non-Bite
-2.8602731227874756, 3.4459478855133057, 8.648921012878418, 70.0, 72788.0, Non-Bite
-2.941995143890381, 3.6774938106536865, 8.648921012878418, 70.0, 72858.0, Non-Bite
-2.982856035232544, 3.6774938106536865, 8.648921012878418, 70.0, 72928.0, Non-Bite
-3.0645782947540283, 3.5957717895507813, 8.730643272399902, 72.0, 73000.0, Non-Bite
-2.8602731227874756, 3.6366329193115234, 8.839605331420898, 68.0, 73068.0, Non-Bite
-2.8602731227874756, 3.745595693588257, 8.771504402160645, 70.0, 73138.0, Non-Bite
-2.9011340141296387, 3.554910659790039, 8.88046646118164, 70.0, 73208.0, Non-Bite
-3.323364734649658, 3.0645782947540283, 8.88046646118164, 70.0, 73278.0, Non-Bite
-3.0918190479278564, 2.7921712398529053, 8.580819129943848, 70.0, 73348.0, Non-Bite
-2.6014864444732666, 2.0566725730895996, 11.291268348693848, 70.0, 73418.0, Non-Bite
-3.023717164993286, 5.666064739227295, 12.707784652709961, 70.0, 73488.0, Non-Bite
-3.1326799392700195, 7.382228374481201, 10.678352355957031, 70.0, 73558.0, Non-Bite
-3.282503843307495, 8.076866149902344, 8.308412551879883, 70.0, 73628.0, Non-Bite
-5.162111759185791, 7.123441696166992, 7.314126491546631, 71.0, 73699.0, Non-Bite
-4.290409564971924, 7.927042484283447, 7.232404708862305, 69.0, 73768.0, Non-Bite
-2.71044921875, 8.962188720703125, 5.856749534606934, 70.0, 73838.0, Non-Bite
-1.103248119354248, 7.736357688903809, 2.5197644233703613, 70.0, 73908.0, Non-Bite
1.1441092491149902, 4.086104393005371, -2.751310348510742, 70.0, 73978.0, Non-Bite
-0.19068486988544464, -0.6401563286781311, -4.4810943603515625, 70.0, 74048.0, Non-Bite
11.563674926757813, 7.695496559143066, -13.783791542053223, 70.0, 74118.0, Non-Bite
1.757024884223938, 5.202972888946533, -1.375655174255371, 70.0, 74188.0, Non-Bite
1.8387469053268433, 6.047434329986572, -0.6129156351089478, 72.0, 74260.0, Non-Bite
2.982856035232544, 6.701210975646973, 0.2587866187095642, 68.0, 74328.0, Non-Bite
2.751310348510742, 9.11201286315918, 0.3813697397708893, 70.0, 74398.0, Non-Bite
-1.4437568187713623, 8.648921012878418, 4.671779155731201, 70.0, 74468.0, Non-Bite
-1.1849702596664429, 7.273265838623047, 6.387943267822266, 70.0, 74538.0, Non-Bite
-3.0918190479278564, 6.9327569007873535, 10.337843894958496, 70.0, 74608.0, Non-Bite
-2.2473573684692383, 6.0882954597473145, 11.563674926757813, 70.0, 74678.0, Non-Bite
-0.5311935544013977, 4.7398810386657715, 10.719213485717773, 70.0, 74748.0, Non-Bite
-0.29964765906333923, 2.751310348510742, 11.604536056518555, 70.0, 74818.0, Non-Bite
-0.5311935544013977, 2.669588088989258, 11.10058307647705, 70.0, 74888.0, Non-Bite
-0.0, 2.941995143890381, 9.956474304199219, 71.0, 74959.0, Non-Bite
-0.7627394795417786, 3.023717164993286, 12.367276191711426, 69.0, 75028.0, Non-Bite
-1.375655174255371, 3.78645658493042, 9.643206596374512, 70.0, 75098.0, Non-Bite
-1.334794044494629, 4.317650318145752, 8.88046646118164, 70.0, 75168.0, Non-Bite
-0.8308411836624146, 4.630918025970459, 7.314126491546631, 70.0, 75238.0, Non-Bite
-2.0294318199157715, 4.2086873054504395, 7.995143890380859, 70.0, 75308.0, Non-Bite
-1.334794044494629, 3.6366329193115234, 9.874752044677734, 70.0, 75378.0, Non-Bite
-0.5720546245574951, 3.745595693588257, 9.261836051940918, 70.0, 75448.0, Non-Bite
-0.8308411836624146, 3.78645658493042, 9.030290603637695, 70.0, 75518.0, Non-Bite
-1.1441092491149902, 3.7047345638275146, 8.921327590942383, 70.0, 75588.0, Non-Bite
-1.375655174255371, 4.018002510070801, 8.648921012878418, 70.0, 75658.0, Non-Bite
-1.375655174255371, 3.9771416187286377, 9.030290603637695, 70.0, 75728.0, Non-Bite
-1.2258312702178955, 4.086104393005371, 9.193735122680664, 70.0, 75798.0, Non-Bite
-0.9942854046821594, 4.018002510070801, 9.152873992919922, 70.0, 75868.0, Non-Bite
-0.14982382953166962, 3.827317714691162, 8.608059883117676, 70.0, 75938.0, Non-Bite
-0.34050869941711426, 2.3290793895721436, 8.989429473876953, 70.0, 76008.0, Non-Bite
-1.906848669052124, 2.0975334644317627, 10.024576187133789, 70.0, 76078.0, Non-Bite
-2.8330323696136475, 5.0122880935668945, 11.94504451751709, 70.0, 76148.0, Non-Bite
-2.0566725730895996, 5.393657684326172, 10.528529167175293, 70.0, 76218.0, Non-Bite
-1.4165161848068237, 5.856749534606934, 9.765789031982422, 70.0, 76288.0, Non-Bite
-0.4903325140476227, 6.00657320022583, 6.537766933441162, 70.0, 76358.0, Non-Bite
-0.06810174137353897, 6.278980255126953, 4.7398810386657715, 70.0, 76428.0, Non-Bite
0.8036004900932312, 6.742072105407715, 3.473188638687134, 70.0, 76498.0, Non-Bite
1.6072009801864624, 7.7635979652404785, 2.478903293609619, 70.0, 76568.0, Non-Bite
3.1735410690307617, 8.88046646118164, 1.4437568187713623, 70.0, 76638.0, Non-Bite
4.86246395111084, 10.991621017456055, -0.0272406954318285, 70.0, 76708.0, Non-Bite
8.68978214263916, 14.927901268005371, -5.053149223327637, 70.0, 76778.0, Non-Bite
11.604536056518555, 18.346609115600586, -9.684066772460938, 72.0, 76850.0, Non-Bite
3.0918190479278564, 8.117727279663086, -1.5663399696350098, 68.0, 76918.0, Non-Bite
-7.382228374481201, -10.760074615478516, 8.730643272399902, 70.0, 76988.0, Non-Bite
-3.1735410690307617, -7.423089504241943, 4.018002510070801, 70.0, 77058.0, Non-Bite
-1.334794044494629, 5.5843424797058105, 2.8330323696136475, 70.0, 77128.0, Non-Bite
-0.40861043334007263, 9.411660194396973, 4.249548435211182, 70.0, 77198.0, Non-Bite
-0.40861043334007263, 7.082581043243408, 4.44023323059082, 70.0, 77268.0, Non-Bite
0.108962781727314, 5.35279655456543, 6.0882954597473145, 70.0, 77338.0, Non-Bite
0.19068486988544464, 4.44023323059082, 7.354987621307373, 70.0, 77408.0, Non-Bite
-0.0272406954318285, 4.2086873054504395, 9.833890914916992, 70.0, 77478.0, Non-Bite
-0.14982382953166962, 3.023717164993286, 12.367276191711426, 70.0, 77548.0, Non-Bite
2.0975334644317627, 2.3699405193328857, 12.898468971252441, 72.0, 77620.0, Non-Bite
0.8308411836624146, 1.0623871088027954, 12.135729789733887, 69.0, 77689.0, Non-Bite
-1.757024884223938, -1.9885708093643188, 14.124300956726074, 69.0, 77758.0, Non-Bite
5.393657684326172, -1.2258312702178955, 7.927042484283447, 70.0, 77828.0, Non-Bite
-0.40861043334007263, 0.953424334526062, 11.904184341430664, 70.0, 77898.0, Non-Bite
-1.334794044494629, 1.103248119354248, 10.678352355957031, 70.0, 77968.0, Non-Bite
0.40861043334007263, 0.29964765906333923, 9.956474304199219, 70.0, 78038.0, Non-Bite
0.9125633239746094, 0.40861043334007263, 9.806650161743164, 71.0, 78109.0, Non-Bite
0.19068486988544464, 0.40861043334007263, 10.065437316894531, 69.0, 78178.0, Non-Bite
0.3813697397708893, 0.3813697397708893, 10.024576187133789, 70.0, 78248.0, Non-Bite
0.871702253818512, -0.06810174137353897, 9.643206596374512, 72.0, 78320.0, Non-Bite
-0.7627394795417786, -0.217925563454628, 10.378705024719238, 67.0, 78387.0, Non-Bite
-2.669588088989258, -0.2587866187095642, 10.869037628173828, 70.0, 78457.0, Non-Bite
0.34050869941711426, 0.4903325140476227, 9.493382453918457, 71.0, 78528.0, Non-Bite
0.5311935544013977, 0.6401563286781311, 9.765789031982422, 72.0, 78600.0, Non-Bite
0.2587866187095642, 0.40861043334007263, 9.997335433959961, 68.0, 78668.0, Non-Bite
0.14982382953166962, 0.34050869941711426, 9.997335433959961, 70.0, 78738.0, Non-Bite
-0.0272406954318285, 0.14982382953166962, 9.997335433959961, 70.0, 78808.0, Non-Bite
0.3813697397708893, 0.2587866187095642, 9.997335433959961, 70.0, 78878.0, Non-Bite
0.217925563454628, 0.40861043334007263, 10.106298446655273, 70.0, 78948.0, Non-Bite
0.5720546245574951, 0.217925563454628, 9.833890914916992, 70.0, 79018.0, Non-Bite
0.2587866187095642, 0.217925563454628, 9.997335433959961, 70.0, 79088.0, Non-Bite
0.217925563454628, 0.217925563454628, 9.874752044677734, 70.0, 79158.0, Non-Bite
-0.0, 0.2587866187095642, 9.997335433959961, 70.0, 79228.0, Non-Bite
0.2587866187095642, 0.14982382953166962, 9.997335433959961, 70.0, 79298.0, Non-Bite
0.217925563454628, 0.2587866187095642, 10.106298446655273, 71.0, 79369.0, Non-Bite
0.108962781727314, 0.217925563454628, 10.024576187133789, 69.0, 79438.0, Non-Bite
0.0272406954318285, 0.217925563454628, 9.997335433959961, 71.0, 79509.0, Non-Bite
-0.0, 0.217925563454628, 9.915613174438477, 69.0, 79578.0, Non-Bite
0.34050869941711426, 0.217925563454628, 9.997335433959961, 70.0, 79648.0, Non-Bite
0.108962781727314, 0.2587866187095642, 9.915613174438477, 70.0, 79718.0, Non-Bite
0.14982382953166962, 0.19068486988544464, 9.997335433959961, 70.0, 79788.0, Non-Bite
0.0272406954318285, 0.06810174137353897, 10.446806907653809, 70.0, 79858.0, Non-Bite
0.5720546245574951, -0.3813697397708893, 9.997335433959961, 70.0, 79928.0, Non-Bite
0.6810173988342285, 0.06810174137353897, 10.188019752502441, 70.0, 79998.0, Non-Bite
-0.953424334526062, -0.34050869941711426, 9.261836051940918, 71.0, 80069.0, Non-Bite
