-3.0645782947540283, 6.578628063201904, 7.4639506340026855, 303.0, 303.0, Non-Bite
-2.2473573684692383, 6.129156589508057, 7.273265838623047, 498.0, 801.0, Non-Bite
-0.108962781727314, 6.387943267822266, 6.469665050506592, 8.0, 809.0, Non-Bite
1.7161637544631958, 6.0882954597473145, 5.0122880935668945, 4.0, 813.0, Non-Bite
3.6366329193115234, 4.86246395111084, 3.9362804889678955, 3.0, 816.0, Non-Bite
3.745595693588257, 4.317650318145752, 4.249548435211182, 2.0, 818.0, Non-Bite
1.8659876585006714, 4.971426963806152, 6.00657320022583, 3.0, 821.0, Non-Bite
2.2882184982299805, 5.734166622161865, 7.082581043243408, 2.0, 823.0, Non-Bite
2.982856035232544, 4.549196243286133, 8.376513481140137, 39.0, 862.0, Non-Bite
0.8036004900932312, 5.543481349945068, 7.545672416687012, 70.0, 932.0, Non-Bite
-0.108962781727314, 3.554910659790039, 9.193735122680664, 70.0, 1002.0, Non-Bite
0.108962781727314, 3.0918190479278564, 11.250407218933105, 70.0, 1072.0, Non-Bite
0.0272406954318285, 3.323364734649658, 13.74293041229248, 71.0, 1143.0, Non-Bite
2.6014864444732666, 4.4810943603515625, 10.188019752502441, 69.0, 1212.0, Non-Bite
0.5311935544013977, 5.284695148468018, 10.869037628173828, 70.0, 1282.0, Non-Bite
0.5720546245574951, 4.780742168426514, 9.261836051940918, 70.0, 1352.0, Non-Bite
-4.290409564971924, 4.058863639831543, 5.3119354248046875, 70.0, 1422.0, Non-Bite
-2.3699405193328857, 6.810173988342285, 7.314126491546631, 70.0, 1492.0, Non-Bite
-3.4050869941711426, 8.417374610900879, 5.666064739227295, 70.0, 1562.0, Non-Bite
-0.14982382953166962, 6.00657320022583, 6.469665050506592, 71.0, 1633.0, Non-Bite
2.2882184982299805, 5.053149223327637, 5.393657684326172, 69.0, 1702.0, Non-Bite
3.4459478855133057, 3.8954193592071533, 6.959997653961182, 71.0, 1773.0, Non-Bite
1.7161637544631958, 4.4810943603515625, 8.036005020141602, 69.0, 1842.0, Non-Bite
-2.0294318199157715, 4.903325080871582, 9.152873992919922, 70.0, 1912.0, Non-Bite
0.3813697397708893, 2.451662540435791, 9.384419441223145, 70.0, 1982.0, Non-Bite
-0.0, 2.2882184982299805, 9.765789031982422, 70.0, 2052.0, Non-Bite
0.4903325140476227, 4.358511447906494, 9.452521324157715, 70.0, 2122.0, Non-Bite
-0.6810173988342285, 5.625203609466553, 9.384419441223145, 70.0, 2192.0, Non-Bite
-4.317650318145752, 6.959997653961182, 9.261836051940918, 70.0, 2262.0, Non-Bite
-4.93056583404541, 7.1915435791015625, 7.845320224761963, 70.0, 2332.0, Non-Bite
-2.0975334644317627, 7.545672416687012, 6.6603498458862305, 70.0, 2402.0, Non-Bite
-1.6753027439117432, 7.9679036140441895, 6.129156589508057, 70.0, 2472.0, Non-Bite
-1.9477096796035767, 7.927042484283447, 5.965712070465088, 70.0, 2542.0, Non-Bite
-2.410801649093628, 7.57291316986084, 5.815888404846191, 71.0, 2613.0, Non-Bite
-1.9885708093643188, 7.382228374481201, 5.202972888946533, 69.0, 2682.0, Non-Bite
-1.4165161848068237, 8.26755142211914, 4.358511447906494, 71.0, 2753.0, Non-Bite
-0.108962781727314, 8.730643272399902, 2.982856035232544, 70.0, 2823.0, Non-Bite
2.3699405193328857, 8.036005020141602, 2.751310348510742, 70.0, 2893.0, Non-Bite
3.023717164993286, 6.742072105407715, 4.508335113525391, 70.0, 2963.0, Non-Bite
0.6401563286781311, 6.959997653961182, 5.202972888946533, 71.0, 3034.0, Non-Bite
-0.9942854046821594, 6.701210975646973, 5.856749534606934, 72.0, 3106.0, Non-Bite
-0.953424334526062, 7.736357688903809, 5.856749534606934, 67.0, 3173.0, Non-Bite
-1.9477096796035767, 7.736357688903809, 6.0882954597473145, 72.0, 3245.0, Non-Bite
-4.821603298187256, 7.695496559143066, 6.156397342681885, 68.0, 3313.0, Non-Bite
-6.278980255126953, 7.000858783721924, 6.319841384887695, 72.0, 3385.0, Non-Bite
-6.387943267822266, 5.202972888946533, 7.736357688903809, 68.0, 3453.0, Non-Bite
-4.508335113525391, 2.478903293609619, 8.26755142211914, 72.0, 3525.0, Non-Bite
-2.642347574234009, 0.34050869941711426, 8.608059883117676, 71.0, 3596.0, Non-Bite
-1.6753027439117432, -0.9942854046821594, 9.956474304199219, 69.0, 3665.0, Non-Bite
-0.3813697397708893, -1.6072009801864624, 10.024576187133789, 70.0, 3735.0, Non-Bite
0.217925563454628, -1.6753027439117432, 9.72492790222168, 68.0, 3803.0, Non-Bite
-0.19068486988544464, -0.9942854046821594, 11.604536056518555, 72.0, 3875.0, Non-Bite
0.40861043334007263, 0.5720546245574951, 10.337843894958496, 71.0, 3946.0, Non-Bite
-0.44947147369384766, -0.9942854046821594, 9.452521324157715, 68.0, 4014.0, Non-Bite
-2.478903293609619, -2.5606253147125244, 10.256121635437012, 71.0, 4085.0, Non-Bite
-4.167826175689697, -0.8036004900932312, 9.030290603637695, 68.0, 4153.0, Non-Bite
-2.2473573684692383, 1.8659876585006714, 7.995143890380859, 72.0, 4225.0, Non-Bite
3.745595693588257, 3.4459478855133057, 7.354987621307373, 69.0, 4294.0, Non-Bite
4.358511447906494, 2.8330323696136475, 9.030290603637695, 70.0, 4364.0, Non-Bite
3.214401960372925, 1.6753027439117432, 10.188019752502441, 71.0, 4435.0, Non-Bite
1.1441092491149902, 1.334794044494629, 9.915613174438477, 70.0, 4505.0, Non-Bite
-1.6072009801864624, -0.19068486988544464, 11.645397186279297, 70.0, 4575.0, Non-Bite
1.5254789590835571, 1.6753027439117432, 9.11201286315918, 70.0, 4645.0, Non-Bite
-0.14982382953166962, 0.8036004900932312, 9.956474304199219, 71.0, 4716.0, Non-Bite
0.40861043334007263, 1.4846179485321045, 9.956474304199219, 68.0, 4784.0, Non-Bite
0.14982382953166962, 1.4165161848068237, 9.806650161743164, 71.0, 4855.0, Non-Bite
0.44947147369384766, 1.2258312702178955, 10.065437316894531, 69.0, 4924.0, Non-Bite
0.19068486988544464, 1.0623871088027954, 10.337843894958496, 72.0, 4996.0, Non-Bite
0.19068486988544464, 0.9125633239746094, 9.915613174438477, 67.0, 5063.0, Non-Bite
0.6401563286781311, 1.103248119354248, 9.5342435836792, 72.0, 5135.0, Non-Bite
0.44947147369384766, 0.953424334526062, 9.956474304199219, 70.0, 5205.0, Non-Bite
0.40861043334007263, 1.103248119354248, 10.106298446655273, 70.0, 5275.0, Non-Bite
0.7218784093856812, 0.953424334526062, 9.956474304199219, 68.0, 5343.0, Non-Bite
0.44947147369384766, 0.871702253818512, 9.956474304199219, 706.0, 6049.0, Non-Bite
0.29964765906333923, 0.953424334526062, 10.024576187133789, 4.0, 6053.0, Non-Bite
0.5311935544013977, 0.953424334526062, 9.956474304199219, 2.0, 6055.0, Non-Bite
0.5311935544013977, 1.103248119354248, 9.997335433959961, 1.0, 6056.0, Non-Bite
0.19068486988544464, 0.953424334526062, 9.806650161743164, 2.0, 6058.0, Non-Bite
0.34050869941711426, 0.9125633239746094, 9.833890914916992, 2.0, 6060.0, Non-Bite
0.2587866187095642, 0.953424334526062, 9.997335433959961, 3.0, 6063.0, Non-Bite
0.4903325140476227, 0.9125633239746094, 9.915613174438477, 2.0, 6065.0, Non-Bite
0.29964765906333923, 0.871702253818512, 9.956474304199219, 2.0, 6067.0, Non-Bite
0.40861043334007263, 1.0215260982513428, 9.915613174438477, 2.0, 6069.0, Non-Bite
0.3813697397708893, 0.953424334526062, 9.833890914916992, 44.0, 6113.0, Non-Bite
0.217925563454628, 0.9125633239746094, 9.833890914916992, 69.0, 6182.0, Non-Bite
0.2587866187095642, 0.953424334526062, 9.915613174438477, 72.0, 6254.0, Non-Bite
0.2587866187095642, 1.0623871088027954, 9.915613174438477, 72.0, 6326.0, Non-Bite
0.4903325140476227, 1.0215260982513428, 9.833890914916992, 67.0, 6393.0, Non-Bite
0.217925563454628, 1.103248119354248, 9.833890914916992, 73.0, 6466.0, Non-Bite
0.108962781727314, 0.953424334526062, 10.065437316894531, 67.0, 6533.0, Non-Bite
0.3813697397708893, 1.103248119354248, 10.106298446655273, 72.0, 6605.0, Non-Bite
0.29964765906333923, 1.0215260982513428, 9.874752044677734, 70.0, 6675.0, Non-Bite
0.2587866187095642, 1.0623871088027954, 9.915613174438477, 70.0, 6745.0, Non-Bite
0.217925563454628, 0.7627394795417786, 9.997335433959961, 69.0, 6814.0, Non-Bite
0.40861043334007263, 0.953424334526062, 9.833890914916992, 71.0, 6885.0, Non-Bite
0.34050869941711426, 0.9942854046821594, 9.997335433959961, 69.0, 6954.0, Non-Bite
0.2587866187095642, 1.103248119354248, 10.024576187133789, 70.0, 7024.0, Non-Bite
0.217925563454628, 1.0215260982513428, 10.106298446655273, 72.0, 7096.0, Non-Bite
0.29964765906333923, 0.9942854046821594, 9.997335433959961, 68.0, 7164.0, Non-Bite
0.44947147369384766, 1.0215260982513428, 9.874752044677734, 71.0, 7235.0, Non-Bite
0.29964765906333923, 0.953424334526062, 9.997335433959961, 70.0, 7305.0, Non-Bite
0.19068486988544464, 0.953424334526062, 9.997335433959961, 70.0, 7375.0, Non-Bite
0.108962781727314, 0.9125633239746094, 9.956474304199219, 68.0, 7443.0, Non-Bite
0.2587866187095642, 1.0623871088027954, 9.874752044677734, 71.0, 7514.0, Non-Bite
0.34050869941711426, 0.9942854046821594, 10.024576187133789, 71.0, 7585.0, Non-Bite
0.19068486988544464, 0.8036004900932312, 9.874752044677734, 71.0, 7656.0, Non-Bite
0.29964765906333923, 1.0215260982513428, 9.997335433959961, 67.0, 7723.0, Non-Bite
0.217925563454628, 0.9942854046821594, 9.874752044677734, 72.0, 7795.0, Non-Bite
0.06810174137353897, 1.1441092491149902, 9.997335433959961, 68.0, 7863.0, Non-Bite
0.29964765906333923, 0.8308411836624146, 10.024576187133789, 72.0, 7935.0, Non-Bite
0.0272406954318285, 1.0623871088027954, 9.956474304199219, 68.0, 8003.0, Non-Bite
0.19068486988544464, 0.9942854046821594, 9.833890914916992, 74.0, 8077.0, Non-Bite
0.06810174137353897, 1.1849702596664429, 9.997335433959961, 66.0, 8143.0, Non-Bite
0.29964765906333923, 1.0215260982513428, 9.806650161743164, 74.0, 8217.0, Non-Bite
0.14982382953166962, 1.0215260982513428, 10.065437316894531, 67.0, 8284.0, Non-Bite
0.217925563454628, 0.9125633239746094, 9.997335433959961, 69.0, 8353.0, Non-Bite
0.108962781727314, 1.0623871088027954, 10.065437316894531, 72.0, 8425.0, Non-Bite
0.19068486988544464, 0.9125633239746094, 9.833890914916992, 71.0, 8496.0, Non-Bite
0.14982382953166962, 1.1849702596664429, 9.915613174438477, 67.0, 8563.0, Non-Bite
0.2587866187095642, 0.9125633239746094, 9.956474304199219, 71.0, 8634.0, Non-Bite
0.19068486988544464, 1.0215260982513428, 9.915613174438477, 69.0, 8703.0, Non-Bite
0.19068486988544464, 0.953424334526062, 9.956474304199219, 71.0, 8774.0, Non-Bite
0.0272406954318285, 1.0623871088027954, 9.806650161743164, 72.0, 8846.0, Non-Bite
0.19068486988544464, 0.9125633239746094, 9.997335433959961, 67.0, 8913.0, Non-Bite
0.108962781727314, 1.0215260982513428, 9.997335433959961, 72.0, 8985.0, Non-Bite
0.217925563454628, 0.953424334526062, 9.874752044677734, 70.0, 9055.0, Non-Bite
0.14982382953166962, 1.0623871088027954, 10.024576187133789, 71.0, 9126.0, Non-Bite
0.2587866187095642, 0.9942854046821594, 10.024576187133789, 67.0, 9193.0, Non-Bite
-0.06810174137353897, 0.8036004900932312, 9.833890914916992, 73.0, 9266.0, Non-Bite
0.19068486988544464, 1.2530720233917236, 9.806650161743164, 69.0, 9335.0, Non-Bite
0.06810174137353897, 1.0623871088027954, 9.833890914916992, 70.0, 9405.0, Non-Bite
0.19068486988544464, 1.1849702596664429, 9.833890914916992, 68.0, 9473.0, Non-Bite
0.108962781727314, 0.9942854046821594, 9.833890914916992, 73.0, 9546.0, Non-Bite
0.108962781727314, 0.9942854046821594, 9.997335433959961, 69.0, 9615.0, Non-Bite
0.14982382953166962, 0.9942854046821594, 9.997335433959961, 71.0, 9686.0, Non-Bite
0.108962781727314, 1.0623871088027954, 9.956474304199219, 68.0, 9754.0, Non-Bite
0.14982382953166962, 1.0623871088027954, 9.72492790222168, 72.0, 9826.0, Non-Bite
0.14982382953166962, 1.2939330339431763, 10.188019752502441, 69.0, 9895.0, Non-Bite
-0.0272406954318285, 0.34050869941711426, 10.106298446655273, 69.0, 9964.0, Non-Bite
0.108962781727314, 1.6072009801864624, 9.72492790222168, 70.0, 10034.0, Non-Bite
0.217925563454628, 1.334794044494629, 9.684066772460938, 71.0, 10105.0, Non-Bite
0.0272406954318285, 0.9942854046821594, 9.956474304199219, 70.0, 10175.0, Non-Bite
0.0272406954318285, 1.103248119354248, 10.024576187133789, 70.0, 10245.0, Non-Bite
0.108962781727314, 0.9125633239746094, 9.874752044677734, 72.0, 10316.0, Non-Bite
0.06810174137353897, 1.0215260982513428, 9.915613174438477, 67.0, 10383.0, Non-Bite
0.14982382953166962, 1.0215260982513428, 9.72492790222168, 71.0, 10455.0, Non-Bite
0.108962781727314, 0.953424334526062, 9.765789031982422, 70.0, 10525.0, Non-Bite
0.14982382953166962, 1.0623871088027954, 9.874752044677734, 71.0, 10596.0, Non-Bite
0.108962781727314, 1.1441092491149902, 9.997335433959961, 67.0, 10663.0, Non-Bite
0.108962781727314, 0.953424334526062, 9.874752044677734, 72.0, 10735.0, Non-Bite
0.0272406954318285, 1.0215260982513428, 10.024576187133789, 68.0, 10803.0, Non-Bite
0.19068486988544464, 1.0623871088027954, 9.997335433959961, 72.0, 10875.0, Non-Bite
-0.0272406954318285, 1.1441092491149902, 10.106298446655273, 70.0, 10945.0, Non-Bite
0.5720546245574951, 0.9942854046821594, 10.296982765197754, 70.0, 11015.0, Non-Bite
0.19068486988544464, 0.6129156351089478, 10.828176498413086, 71.0, 11086.0, Non-Bite
-1.103248119354248, 1.2530720233917236, 11.291268348693848, 68.0, 11154.0, Non-Bite
-2.22011661529541, 2.451662540435791, 12.476238250732422, 71.0, 11225.0, Non-Bite
-3.9362804889678955, 4.399372100830078, 10.569390296936035, 70.0, 11295.0, Non-Bite
-3.745595693588257, 6.047434329986572, 7.545672416687012, 71.0, 11366.0, Non-Bite
-0.953424334526062, 6.347082138061523, 4.249548435211182, 69.0, 11435.0, Non-Bite
1.2530720233917236, 5.666064739227295, 4.058863639831543, 71.0, 11506.0, Non-Bite
2.71044921875, 5.897610664367676, 4.699019908905029, 67.0, 11573.0, Non-Bite
1.757024884223938, 6.129156589508057, 5.815888404846191, 73.0, 11646.0, Non-Bite
-0.14982382953166962, 7.354987621307373, 5.706925868988037, 66.0, 11712.0, Non-Bite
-0.44947147369384766, 8.117727279663086, 6.347082138061523, 70.0, 11782.0, Non-Bite
-0.0, 8.076866149902344, 6.537766933441162, 71.0, 11853.0, Non-Bite
-0.06810174137353897, 7.995143890380859, 6.197257995605469, 70.0, 11923.0, Non-Bite
0.6129156351089478, 7.545672416687012, 5.162111759185791, 70.0, 11993.0, Non-Bite
0.34050869941711426, 7.504811763763428, 5.706925868988037, 72.0, 12065.0, Non-Bite
-0.6129156351089478, 8.117727279663086, 6.347082138061523, 70.0, 12135.0, Non-Bite
1.375655174255371, 8.117727279663086, 5.51624059677124, 70.0, 12205.0, Non-Bite
0.44947147369384766, 7.613774299621582, 5.924851417541504, 70.0, 12275.0, Non-Bite
-0.0272406954318285, 7.545672416687012, 5.815888404846191, 70.0, 12345.0, Non-Bite
0.108962781727314, 7.927042484283447, 5.965712070465088, 69.0, 12414.0, Non-Bite
-0.0, 8.158588409423828, 6.047434329986572, 71.0, 12485.0, Non-Bite
0.953424334526062, 8.036005020141602, 5.3119354248046875, 69.0, 12554.0, Non-Bite
0.06810174137353897, 8.036005020141602, 6.156397342681885, 71.0, 12625.0, Non-Bite
0.4903325140476227, 7.886181354522705, 5.924851417541504, 70.0, 12695.0, Non-Bite
-0.0, 7.845320224761963, 5.924851417541504, 70.0, 12765.0, Non-Bite
-0.2587866187095642, 8.036005020141602, 6.197257995605469, 70.0, 12835.0, Non-Bite
1.1849702596664429, 7.7635979652404785, 5.51624059677124, 70.0, 12905.0, Non-Bite
1.7978858947753906, 7.232404708862305, 5.3119354248046875, 71.0, 12976.0, Non-Bite
1.9477096796035767, 5.775027275085449, 5.734166622161865, 69.0, 13045.0, Non-Bite
0.7627394795417786, 5.121250629425049, 5.094009876251221, 71.0, 13116.0, Non-Bite
0.14982382953166962, 6.6603498458862305, 4.2086873054504395, 67.0, 13183.0, Non-Bite
-4.44023323059082, 5.543481349945068, 7.654635429382324, 72.0, 13255.0, Non-Bite
-5.924851417541504, 4.93056583404541, 8.608059883117676, 70.0, 13325.0, Non-Bite
-5.51624059677124, 2.2882184982299805, 10.828176498413086, 70.0, 13395.0, Non-Bite
-3.7047345638275146, 0.0, 9.643206596374512, 70.0, 13465.0, Non-Bite
-2.8602731227874756, 0.3813697397708893, 9.60234546661377, 68.0, 13533.0, Non-Bite
-1.5663399696350098, 0.871702253818512, 10.378705024719238, 72.0, 13605.0, Non-Bite
-1.6753027439117432, 2.2473573684692383, 9.575104713439941, 70.0, 13675.0, Non-Bite
-2.5197644233703613, 1.103248119354248, 9.60234546661377, 70.0, 13745.0, Non-Bite
-1.906848669052124, 1.334794044494629, 9.411660194396973, 70.0, 13815.0, Non-Bite
-2.0566725730895996, 1.7978858947753906, 9.261836051940918, 70.0, 13885.0, Non-Bite
-2.8330323696136475, 1.6072009801864624, 9.833890914916992, 72.0, 13957.0, Non-Bite
-2.22011661529541, 2.0294318199157715, 9.384419441223145, 66.0, 14023.0, Non-Bite
-2.22011661529541, 1.2530720233917236, 9.11201286315918, 73.0, 14096.0, Non-Bite
-2.642347574234009, 1.5254789590835571, 9.261836051940918, 68.0, 14164.0, Non-Bite
-2.6014864444732666, 1.757024884223938, 9.765789031982422, 71.0, 14235.0, Non-Bite
-2.5197644233703613, 1.6344417333602905, 9.575104713439941, 70.0, 14305.0, Non-Bite
-2.2882184982299805, 1.6753027439117432, 9.452521324157715, 70.0, 14375.0, Non-Bite
-2.2473573684692383, 1.4165161848068237, 9.220975875854492, 70.0, 14445.0, Non-Bite
-2.6014864444732666, 1.6072009801864624, 9.575104713439941, 70.0, 14515.0, Non-Bite
-1.906848669052124, 1.6072009801864624, 9.643206596374512, 70.0, 14585.0, Non-Bite
-2.138394594192505, 1.2530720233917236, 9.384419441223145, 70.0, 14655.0, Non-Bite
-1.9885708093643188, 1.4437568187713623, 9.261836051940918, 73.0, 14728.0, Non-Bite
-2.5197644233703613, 1.7161637544631958, 9.411660194396973, 76.0, 14804.0, Non-Bite
-2.138394594192505, 1.6072009801864624, 9.60234546661377, 72.0, 14876.0, Non-Bite
-1.9885708093643188, 1.6072009801864624, 9.384419441223145, 57.0, 14933.0, Non-Bite
-2.451662540435791, 1.8659876585006714, 9.261836051940918, 69.0, 15002.0, Non-Bite
-2.451662540435791, 1.6344417333602905, 9.452521324157715, 72.0, 15074.0, Non-Bite
-2.179255723953247, 1.8659876585006714, 9.575104713439941, 71.0, 15145.0, Non-Bite
-2.451662540435791, 1.906848669052124, 9.493382453918457, 70.0, 15215.0, Non-Bite
-2.451662540435791, 1.7161637544631958, 9.384419441223145, 70.0, 15285.0, Non-Bite
-2.410801649093628, 1.8387469053268433, 9.30269718170166, 70.0, 15355.0, Non-Bite
-2.410801649093628, 1.6753027439117432, 9.261836051940918, 70.0, 15425.0, Non-Bite
-2.451662540435791, 1.8659876585006714, 9.384419441223145, 70.0, 15495.0, Non-Bite
-2.410801649093628, 1.7161637544631958, 9.411660194396973, 70.0, 15565.0, Non-Bite
-2.451662540435791, 1.6753027439117432, 9.384419441223145, 70.0, 15635.0, Non-Bite
-2.451662540435791, 1.9885708093643188, 9.384419441223145, 70.0, 15705.0, Non-Bite
-2.478903293609619, 1.6072009801864624, 9.452521324157715, 70.0, 15775.0, Non-Bite
-2.451662540435791, 1.8387469053268433, 9.493382453918457, 70.0, 15845.0, Non-Bite
-2.5197644233703613, 1.6753027439117432, 9.384419441223145, 70.0, 15915.0, Non-Bite
-2.410801649093628, 1.906848669052124, 9.152873992919922, 71.0, 15986.0, Non-Bite
-2.3290793895721436, 1.757024884223938, 9.874752044677734, 69.0, 16055.0, Non-Bite
-2.5197644233703613, 1.2258312702178955, 9.72492790222168, 70.0, 16125.0, Non-Bite
-2.478903293609619, 2.0975334644317627, 9.343558311462402, 70.0, 16195.0, Non-Bite
-2.451662540435791, 2.0294318199157715, 9.411660194396973, 68.0, 16263.0, Non-Bite
-2.478903293609619, 1.7161637544631958, 9.384419441223145, 74.0, 16337.0, Non-Bite
-2.451662540435791, 1.6344417333602905, 9.493382453918457, 66.0, 16403.0, Non-Bite
-2.3699405193328857, 1.6344417333602905, 9.384419441223145, 72.0, 16475.0, Non-Bite
-2.3699405193328857, 1.906848669052124, 9.261836051940918, 68.0, 16543.0, Non-Bite
-2.3699405193328857, 1.7978858947753906, 9.411660194396973, 72.0, 16615.0, Non-Bite
-2.3290793895721436, 1.7978858947753906, 9.343558311462402, 70.0, 16685.0, Non-Bite
-2.410801649093628, 1.8659876585006714, 9.30269718170166, 69.0, 16754.0, Non-Bite
-2.3699405193328857, 1.757024884223938, 9.411660194396973, 69.0, 16823.0, Non-Bite
-2.3290793895721436, 1.7978858947753906, 9.452521324157715, 72.0, 16895.0, Non-Bite
-2.451662540435791, 1.8659876585006714, 9.411660194396973, 72.0, 16967.0, Non-Bite
-2.3290793895721436, 1.7161637544631958, 9.343558311462402, 66.0, 17033.0, Non-Bite
-2.451662540435791, 1.7978858947753906, 9.411660194396973, 72.0, 17105.0, Non-Bite
-2.478903293609619, 1.8659876585006714, 9.384419441223145, 70.0, 17175.0, Non-Bite
-2.3290793895721436, 1.757024884223938, 9.30269718170166, 70.0, 17245.0, Non-Bite
-2.410801649093628, 1.9477096796035767, 9.493382453918457, 68.0, 17313.0, Non-Bite
-2.179255723953247, 1.757024884223938, 9.411660194396973, 72.0, 17385.0, Non-Bite
-2.3699405193328857, 1.906848669052124, 9.30269718170166, 68.0, 17453.0, Non-Bite
-2.451662540435791, 1.757024884223938, 9.5342435836792, 73.0, 17526.0, Non-Bite
-2.3290793895721436, 1.7978858947753906, 9.30269718170166, 71.0, 17597.0, Non-Bite
-2.5606253147125244, 1.7161637544631958, 9.30269718170166, 66.0, 17663.0, Non-Bite
-2.451662540435791, 1.9477096796035767, 9.411660194396973, 72.0, 17735.0, Non-Bite
-2.3699405193328857, 1.7978858947753906, 9.30269718170166, 70.0, 17805.0, Non-Bite
-2.451662540435791, 1.906848669052124, 9.452521324157715, 70.0, 17875.0, Non-Bite
-2.3699405193328857, 1.8659876585006714, 9.493382453918457, 68.0, 17943.0, Non-Bite
-2.410801649093628, 1.757024884223938, 9.384419441223145, 72.0, 18015.0, Non-Bite
-2.478903293609619, 1.8659876585006714, 9.343558311462402, 70.0, 18085.0, Non-Bite
-2.3699405193328857, 1.757024884223938, 9.452521324157715, 70.0, 18155.0, Non-Bite
-2.451662540435791, 1.9477096796035767, 9.411660194396973, 71.0, 18226.0, Non-Bite
-2.2882184982299805, 1.757024884223938, 9.384419441223145, 69.0, 18295.0, Non-Bite
-2.451662540435791, 1.7161637544631958, 9.30269718170166, 70.0, 18365.0, Non-Bite
-2.5197644233703613, 1.8387469053268433, 9.411660194396973, 70.0, 18435.0, Non-Bite
-2.3699405193328857, 1.7978858947753906, 9.384419441223145, 70.0, 18505.0, Non-Bite
-2.3699405193328857, 1.757024884223938, 9.384419441223145, 70.0, 18575.0, Non-Bite
-2.2882184982299805, 1.906848669052124, 9.411660194396973, 70.0, 18645.0, Non-Bite
-2.3699405193328857, 1.7161637544631958, 9.384419441223145, 70.0, 18715.0, Non-Bite
-2.410801649093628, 1.7978858947753906, 9.384419441223145, 70.0, 18785.0, Non-Bite
-2.410801649093628, 1.8659876585006714, 9.493382453918457, 70.0, 18855.0, Non-Bite
-2.410801649093628, 1.7161637544631958, 9.452521324157715, 69.0, 18924.0, Non-Bite
-2.2473573684692383, 1.8387469053268433, 9.30269718170166, 70.0, 18994.0, Non-Bite
-2.478903293609619, 1.6344417333602905, 9.261836051940918, 71.0, 19065.0, Non-Bite
-2.3290793895721436, 1.7978858947753906, 9.411660194396973, 70.0, 19135.0, Non-Bite
-2.2473573684692383, 1.7978858947753906, 9.452521324157715, 70.0, 19205.0, Non-Bite
-2.2473573684692383, 1.6072009801864624, 9.384419441223145, 70.0, 19275.0, Non-Bite
-2.2882184982299805, 1.7978858947753906, 9.493382453918457, 68.0, 19343.0, Non-Bite
-2.179255723953247, 1.6753027439117432, 9.5342435836792, 72.0, 19415.0, Non-Bite
-2.0975334644317627, 1.6753027439117432, 9.575104713439941, 70.0, 19485.0, Non-Bite
-2.22011661529541, 1.6344417333602905, 9.343558311462402, 70.0, 19555.0, Non-Bite
-2.138394594192505, 1.757024884223938, 9.493382453918457, 68.0, 19623.0, Non-Bite
-2.2473573684692383, 1.6344417333602905, 9.411660194396973, 72.0, 19695.0, Non-Bite
-2.2473573684692383, 1.6072009801864624, 9.5342435836792, 72.0, 19766.0, Non-Bite
-2.2882184982299805, 1.6344417333602905, 9.452521324157715, 66.0, 19832.0, Non-Bite
-2.2473573684692383, 1.757024884223938, 9.343558311462402, 69.0, 19902.0, Non-Bite
-2.22011661529541, 1.6753027439117432, 9.411660194396973, 70.0, 19972.0, Non-Bite
-2.179255723953247, 1.6753027439117432, 9.493382453918457, 71.0, 20043.0, Non-Bite
-2.179255723953247, 1.7978858947753906, 9.411660194396973, 141.0, 20184.0, Non-Bite
-2.179255723953247, 1.6753027439117432, 9.411660194396973, 70.0, 20254.0, Non-Bite
-2.2473573684692383, 1.7978858947753906, 9.493382453918457, 71.0, 20325.0, Non-Bite
-2.138394594192505, 1.757024884223938, 9.343558311462402, 70.0, 20395.0, Non-Bite
-2.179255723953247, 1.7161637544631958, 9.60234546661377, 70.0, 20465.0, Non-Bite
-2.2473573684692383, 1.757024884223938, 9.411660194396973, 68.0, 20533.0, Non-Bite
-1.9885708093643188, 1.6344417333602905, 9.343558311462402, 72.0, 20605.0, Non-Bite
-2.138394594192505, 1.6753027439117432, 9.60234546661377, 70.0, 20675.0, Non-Bite
-2.179255723953247, 1.6344417333602905, 9.384419441223145, 68.0, 20743.0, Non-Bite
-2.22011661529541, 1.8387469053268433, 9.493382453918457, 72.0, 20815.0, Non-Bite
-2.22011661529541, 1.757024884223938, 9.30269718170166, 68.0, 20883.0, Non-Bite
-2.0975334644317627, 1.7978858947753906, 9.493382453918457, 72.0, 20955.0, Non-Bite
-2.2882184982299805, 1.6344417333602905, 9.493382453918457, 70.0, 21025.0, Non-Bite
-2.0566725730895996, 1.757024884223938, 9.411660194396973, 71.0, 21096.0, Non-Bite
-1.9885708093643188, 1.6753027439117432, 9.452521324157715, 69.0, 21165.0, Non-Bite
-2.0975334644317627, 1.8659876585006714, 10.065437316894531, 70.0, 21235.0, Non-Bite
-3.0645782947540283, 1.103248119354248, 10.828176498413086, 70.0, 21305.0, Non-Bite
-2.642347574234009, 0.5720546245574951, 11.413851737976074, 70.0, 21375.0, Non-Bite
-6.510526180267334, 3.6366329193115234, 13.211737632751465, 68.0, 21443.0, Non-Bite
-3.4459478855133057, 5.243834018707275, 9.11201286315918, 71.0, 21514.0, Non-Bite
-1.4437568187713623, 6.578628063201904, 6.510526180267334, 70.0, 21584.0, Non-Bite
0.4903325140476227, 6.197257995605469, 5.053149223327637, 71.0, 21655.0, Non-Bite
3.214401960372925, 6.00657320022583, 3.7047345638275146, 68.0, 21723.0, Non-Bite
3.9771416187286377, 5.734166622161865, 4.058863639831543, 72.0, 21795.0, Non-Bite
6.701210975646973, 3.0918190479278564, 2.2882184982299805, 70.0, 21865.0, Non-Bite
2.982856035232544, 7.1915435791015625, 5.284695148468018, 70.0, 21935.0, Non-Bite
5.053149223327637, 7.9679036140441895, 4.44023323059082, 70.0, 22005.0, Non-Bite
5.202972888946533, 8.539958000183105, 2.8602731227874756, 70.0, 22075.0, Non-Bite
3.8681788444519043, 8.839605331420898, 4.44023323059082, 68.0, 22143.0, Non-Bite
5.162111759185791, 5.897610664367676, 6.6603498458862305, 72.0, 22215.0, Non-Bite
6.469665050506592, 7.1915435791015625, 1.5663399696350098, 70.0, 22285.0, Non-Bite
5.053149223327637, 6.469665050506592, 3.8954193592071533, 70.0, 22355.0, Non-Bite
4.018002510070801, 8.989429473876953, 2.642347574234009, 70.0, 22425.0, Non-Bite
3.8681788444519043, 8.376513481140137, 6.129156589508057, 70.0, 22495.0, Non-Bite
5.162111759185791, 7.15068244934082, 5.5843424797058105, 70.0, 22565.0, Non-Bite
5.053149223327637, 6.810173988342285, 2.8602731227874756, 70.0, 22635.0, Non-Bite
4.93056583404541, 7.995143890380859, 2.2473573684692383, 70.0, 22705.0, Non-Bite
4.821603298187256, 8.962188720703125, 2.3699405193328857, 68.0, 22773.0, Non-Bite
0.2587866187095642, 8.771504402160645, 6.578628063201904, 71.0, 22844.0, Non-Bite
1.7978858947753906, 8.036005020141602, 5.625203609466553, 71.0, 22915.0, Non-Bite
1.6072009801864624, 8.036005020141602, 6.047434329986572, 70.0, 22985.0, Non-Bite
2.7921712398529053, 7.886181354522705, 4.630918025970459, 70.0, 23055.0, Non-Bite
3.6366329193115234, 5.734166622161865, 4.126965522766113, 68.0, 23123.0, Non-Bite
1.0623871088027954, 9.72492790222168, 6.6194891929626465, 72.0, 23195.0, Non-Bite
3.8954193592071533, 7.4639506340026855, 4.590057373046875, 70.0, 23265.0, Non-Bite
1.2939330339431763, 9.806650161743164, 5.3119354248046875, 70.0, 23335.0, Non-Bite
2.751310348510742, 8.226690292358398, 5.243834018707275, 68.0, 23403.0, Non-Bite
3.023717164993286, 7.927042484283447, 5.121250629425049, 72.0, 23475.0, Non-Bite
1.375655174255371, 7.123441696166992, 5.666064739227295, 70.0, 23545.0, Non-Bite
2.2473573684692383, 7.423089504241943, 6.278980255126953, 70.0, 23615.0, Non-Bite
2.2473573684692383, 9.343558311462402, 4.2086873054504395, 68.0, 23683.0, Non-Bite
6.00657320022583, 3.255263090133667, 4.630918025970459, 72.0, 23755.0, Non-Bite
3.1735410690307617, 4.93056583404541, 6.278980255126953, 68.0, 23823.0, Non-Bite
1.7161637544631958, 6.129156589508057, 5.3119354248046875, 72.0, 23895.0, Non-Bite
0.2587866187095642, 6.537766933441162, 6.578628063201904, 70.0, 23965.0, Non-Bite
-3.554910659790039, 5.856749534606934, 7.695496559143066, 69.0, 24034.0, Non-Bite
-4.7398810386657715, 5.243834018707275, 10.610250473022461, 70.0, 24104.0, Non-Bite
-4.630918025970459, 3.323364734649658, 11.291268348693848, 71.0, 24175.0, Non-Bite
-2.0975334644317627, -0.108962781727314, 9.452521324157715, 69.0, 24244.0, Non-Bite
-2.0294318199157715, 0.44947147369384766, 18.2648868560791, 71.0, 24315.0, Non-Bite
-1.103248119354248, 2.3699405193328857, 10.106298446655273, 70.0, 24385.0, Non-Bite
-2.642347574234009, 1.5663399696350098, 9.493382453918457, 70.0, 24455.0, Non-Bite
-3.214401960372925, 1.4437568187713623, 9.30269718170166, 70.0, 24525.0, Non-Bite
-1.9477096796035767, 1.6072009801864624, 9.5342435836792, 69.0, 24594.0, Non-Bite
-1.9885708093643188, 1.375655174255371, 9.575104713439941, 71.0, 24665.0, Non-Bite
-2.6014864444732666, 1.2258312702178955, 9.343558311462402, 70.0, 24735.0, Non-Bite
-2.71044921875, 1.1849702596664429, 9.193735122680664, 68.0, 24803.0, Non-Bite
-2.410801649093628, 1.2939330339431763, 9.5342435836792, 72.0, 24875.0, Non-Bite
-2.0294318199157715, 1.4165161848068237, 9.60234546661377, 70.0, 24945.0, Non-Bite
-2.5606253147125244, 1.4165161848068237, 9.452521324157715, 70.0, 25015.0, Non-Bite
-2.410801649093628, 1.375655174255371, 9.411660194396973, 70.0, 25085.0, Non-Bite
-2.2473573684692383, 1.2258312702178955, 9.493382453918457, 70.0, 25155.0, Non-Bite
-2.0566725730895996, 1.2258312702178955, 9.30269718170166, 70.0, 25225.0, Non-Bite
-2.3699405193328857, 1.103248119354248, 9.452521324157715, 70.0, 25295.0, Non-Bite
-2.22011661529541, 1.375655174255371, 9.60234546661377, 68.0, 25363.0, Non-Bite
-2.0294318199157715, 1.334794044494629, 9.60234546661377, 72.0, 25435.0, Non-Bite
-2.410801649093628, 1.4165161848068237, 9.493382453918457, 70.0, 25505.0, Non-Bite
-2.2473573684692383, 1.2939330339431763, 9.411660194396973, 71.0, 25576.0, Non-Bite
-2.2882184982299805, 1.4165161848068237, 9.5342435836792, 69.0, 25645.0, Non-Bite
-2.2882184982299805, 1.4846179485321045, 9.5342435836792, 70.0, 25715.0, Non-Bite
-2.179255723953247, 1.2939330339431763, 9.411660194396973, 70.0, 25785.0, Non-Bite
-2.642347574234009, 1.2530720233917236, 9.72492790222168, 70.0, 25855.0, Non-Bite
-2.669588088989258, 0.871702253818512, 9.72492790222168, 68.0, 25923.0, Non-Bite
-2.138394594192505, 1.1849702596664429, 9.384419441223145, 70.0, 25993.0, Non-Bite
-2.3699405193328857, 1.334794044494629, 9.5342435836792, 72.0, 26065.0, Non-Bite
-2.138394594192505, 1.103248119354248, 9.5342435836792, 68.0, 26133.0, Non-Bite
-2.2882184982299805, 1.2939330339431763, 9.5342435836792, 72.0, 26205.0, Non-Bite
-2.0975334644317627, 1.4165161848068237, 9.493382453918457, 70.0, 26275.0, Non-Bite
-2.179255723953247, 1.375655174255371, 9.411660194396973, 70.0, 26345.0, Non-Bite
-2.22011661529541, 1.4437568187713623, 9.493382453918457, 70.0, 26415.0, Non-Bite
-2.410801649093628, 1.375655174255371, 9.5342435836792, 68.0, 26483.0, Non-Bite
-2.2473573684692383, 1.2530720233917236, 9.452521324157715, 72.0, 26555.0, Non-Bite
-2.2882184982299805, 1.2258312702178955, 9.5342435836792, 68.0, 26623.0, Non-Bite
-2.2882184982299805, 1.4165161848068237, 9.5342435836792, 72.0, 26695.0, Non-Bite
-2.0294318199157715, 1.334794044494629, 9.493382453918457, 70.0, 26765.0, Non-Bite
-2.2882184982299805, 1.375655174255371, 9.5342435836792, 68.0, 26833.0, Non-Bite
-2.22011661529541, 1.2258312702178955, 9.411660194396973, 72.0, 26905.0, Non-Bite
-2.3699405193328857, 1.103248119354248, 9.384419441223145, 70.0, 26975.0, Non-Bite
-2.179255723953247, 1.4165161848068237, 9.575104713439941, 70.0, 27045.0, Non-Bite
-2.179255723953247, 1.1849702596664429, 9.411660194396973, 68.0, 27113.0, Non-Bite
-2.22011661529541, 1.2258312702178955, 9.60234546661377, 72.0, 27185.0, Non-Bite
-2.2473573684692383, 1.2258312702178955, 9.575104713439941, 70.0, 27255.0, Non-Bite
-2.138394594192505, 1.334794044494629, 9.575104713439941, 70.0, 27325.0, Non-Bite
-2.22011661529541, 1.2530720233917236, 9.493382453918457, 70.0, 27395.0, Non-Bite
-2.179255723953247, 1.1849702596664429, 9.452521324157715, 70.0, 27465.0, Non-Bite
-2.2473573684692383, 1.334794044494629, 9.411660194396973, 67.0, 27532.0, Non-Bite
-2.138394594192505, 1.4165161848068237, 9.643206596374512, 70.0, 27602.0, Non-Bite
-2.3290793895721436, 1.334794044494629, 9.60234546661377, 71.0, 27673.0, Non-Bite
-2.179255723953247, 1.1441092491149902, 9.643206596374512, 70.0, 27743.0, Non-Bite
-2.2882184982299805, 1.2939330339431763, 9.5342435836792, 70.0, 27813.0, Non-Bite
-2.0566725730895996, 1.1441092491149902, 9.493382453918457, 69.0, 27882.0, Non-Bite
-2.2882184982299805, 1.2258312702178955, 9.5342435836792, 70.0, 27952.0, Non-Bite
-2.138394594192505, 1.2258312702178955, 9.493382453918457, 70.0, 28022.0, Non-Bite
-2.22011661529541, 1.2939330339431763, 9.643206596374512, 72.0, 28094.0, Non-Bite
-2.179255723953247, 1.334794044494629, 9.452521324157715, 69.0, 28163.0, Non-Bite
-2.22011661529541, 1.2530720233917236, 9.493382453918457, 72.0, 28235.0, Non-Bite
-2.3290793895721436, 1.375655174255371, 9.452521324157715, 70.0, 28305.0, Non-Bite
-2.0294318199157715, 1.334794044494629, 9.575104713439941, 70.0, 28375.0, Non-Bite
-2.179255723953247, 1.1441092491149902, 9.575104713439941, 70.0, 28445.0, Non-Bite
-2.22011661529541, 1.2530720233917236, 9.493382453918457, 70.0, 28515.0, Non-Bite
-2.138394594192505, 1.2530720233917236, 9.575104713439941, 70.0, 28585.0, Non-Bite
-2.179255723953247, 1.2939330339431763, 9.684066772460938, 70.0, 28655.0, Non-Bite
-2.2882184982299805, 1.375655174255371, 9.5342435836792, 70.0, 28725.0, Non-Bite
-2.0294318199157715, 1.375655174255371, 9.5342435836792, 68.0, 28793.0, Non-Bite
-2.138394594192505, 1.2530720233917236, 9.493382453918457, 72.0, 28865.0, Non-Bite
-2.3290793895721436, 1.2939330339431763, 9.452521324157715, 70.0, 28935.0, Non-Bite
-2.451662540435791, 1.0623871088027954, 9.684066772460938, 70.0, 29005.0, Non-Bite
-2.2882184982299805, 1.5254789590835571, 9.493382453918457, 70.0, 29075.0, Non-Bite
-2.0566725730895996, 1.2939330339431763, 9.5342435836792, 70.0, 29145.0, Non-Bite
-2.22011661529541, 1.334794044494629, 9.5342435836792, 69.0, 29214.0, Non-Bite
-2.138394594192505, 1.375655174255371, 9.575104713439941, 71.0, 29285.0, Non-Bite
-2.0566725730895996, 1.2939330339431763, 9.5342435836792, 70.0, 29355.0, Non-Bite
-2.179255723953247, 1.334794044494629, 9.575104713439941, 70.0, 29425.0, Non-Bite
-2.22011661529541, 1.375655174255371, 9.5342435836792, 68.0, 29493.0, Non-Bite
-2.179255723953247, 1.2258312702178955, 9.384419441223145, 72.0, 29565.0, Non-Bite
-2.0975334644317627, 1.1849702596664429, 9.60234546661377, 68.0, 29633.0, Non-Bite
-1.8659876585006714, 1.0623871088027954, 9.997335433959961, 72.0, 29705.0, Non-Bite
-1.757024884223938, 1.1849702596664429, 8.158588409423828, 71.0, 29776.0, Non-Bite
-3.1735410690307617, 0.5311935544013977, 10.256121635437012, 67.0, 29843.0, Non-Bite
-4.549196243286133, 2.0975334644317627, 11.141444206237793, 72.0, 29915.0, Non-Bite
-6.701210975646973, 4.249548435211182, 10.719213485717773, 68.0, 29983.0, Non-Bite
-6.319841384887695, 5.965712070465088, 8.076866149902344, 72.0, 30055.0, Non-Bite
-3.023717164993286, 6.469665050506592, 5.0122880935668945, 70.0, 30125.0, Non-Bite
-0.14982382953166962, 6.6194891929626465, 4.2086873054504395, 70.0, 30195.0, Non-Bite
3.78645658493042, 6.42880392074585, 4.317650318145752, 70.0, 30265.0, Non-Bite
5.625203609466553, 6.810173988342285, 3.5957717895507813, 68.0, 30333.0, Non-Bite
3.023717164993286, 6.537766933441162, 3.78645658493042, 72.0, 30405.0, Non-Bite
1.6753027439117432, 7.4639506340026855, 4.358511447906494, 68.0, 30473.0, Non-Bite
4.508335113525391, 7.9679036140441895, 4.93056583404541, 72.0, 30545.0, Non-Bite
3.8954193592071533, 8.839605331420898, 5.243834018707275, 70.0, 30615.0, Non-Bite
3.255263090133667, 8.185829162597656, 5.0122880935668945, 67.0, 30683.0, Non-Bite
3.3642258644104004, 6.42880392074585, 3.255263090133667, 72.0, 30755.0, Non-Bite
2.9011340141296387, 7.15068244934082, 5.053149223327637, 68.0, 30823.0, Non-Bite
3.5957717895507813, 7.995143890380859, 5.284695148468018, 72.0, 30895.0, Non-Bite
3.255263090133667, 8.730643272399902, 5.543481349945068, 70.0, 30965.0, Non-Bite
3.3642258644104004, 8.417374610900879, 5.434518814086914, 70.0, 31035.0, Non-Bite
4.086104393005371, 7.314126491546631, 3.827317714691162, 70.0, 31105.0, Non-Bite
3.323364734649658, 6.810173988342285, 5.162111759185791, 70.0, 31175.0, Non-Bite
3.4459478855133057, 7.4639506340026855, 4.699019908905029, 68.0, 31243.0, Non-Bite
4.317650318145752, 6.319841384887695, 3.9362804889678955, 72.0, 31315.0, Non-Bite
5.51624059677124, 6.238119125366211, 4.317650318145752, 70.0, 31385.0, Non-Bite
3.0918190479278564, 7.1915435791015625, 5.625203609466553, 70.0, 31455.0, Non-Bite
-0.0272406954318285, 6.769312858581543, 6.197257995605469, 70.0, 31525.0, Non-Bite
-2.8330323696136475, 5.202972888946533, 8.036005020141602, 71.0, 31596.0, Non-Bite
-4.290409564971924, 4.971426963806152, 7.232404708862305, 67.0, 31663.0, Non-Bite
-5.162111759185791, 2.2473573684692383, 10.719213485717773, 72.0, 31735.0, Non-Bite
-2.478903293609619, 2.8602731227874756, 9.684066772460938, 69.0, 31804.0, Non-Bite
-2.2882184982299805, 0.9942854046821594, 9.452521324157715, 71.0, 31875.0, Non-Bite
-1.9885708093643188, 0.5311935544013977, 7.886181354522705, 70.0, 31945.0, Non-Bite
-5.51624059677124, -0.9125633239746094, 12.258313179016113, 68.0, 32013.0, Non-Bite
-1.0623871088027954, 1.0623871088027954, 9.684066772460938, 72.0, 32085.0, Non-Bite
-1.5663399696350098, 1.4165161848068237, 9.493382453918457, 70.0, 32155.0, Non-Bite
-1.906848669052124, 0.9942854046821594, 9.60234546661377, 70.0, 32225.0, Non-Bite
-2.5606253147125244, 1.2258312702178955, 9.72492790222168, 70.0, 32295.0, Non-Bite
-2.451662540435791, 1.1849702596664429, 9.643206596374512, 70.0, 32365.0, Non-Bite
-2.22011661529541, 1.0623871088027954, 9.384419441223145, 70.0, 32435.0, Non-Bite
-2.6014864444732666, 1.0623871088027954, 9.493382453918457, 70.0, 32505.0, Non-Bite
-2.478903293609619, 1.0623871088027954, 9.5342435836792, 67.0, 32572.0, Non-Bite
-2.3290793895721436, 1.0623871088027954, 9.384419441223145, 70.0, 32642.0, Non-Bite
-2.451662540435791, 1.0215260982513428, 9.452521324157715, 70.0, 32712.0, Non-Bite
-2.478903293609619, 1.2530720233917236, 9.5342435836792, 72.0, 32784.0, Non-Bite
-2.6014864444732666, 0.9942854046821594, 9.343558311462402, 71.0, 32855.0, Non-Bite
-2.6014864444732666, 1.103248119354248, 9.411660194396973, 70.0, 32925.0, Non-Bite
-2.478903293609619, 1.1849702596664429, 9.493382453918457, 69.0, 32994.0, Non-Bite
-2.2473573684692383, 1.1849702596664429, 9.411660194396973, 70.0, 33064.0, Non-Bite
-2.5606253147125244, 1.0215260982513428, 9.575104713439941, 71.0, 33135.0, Non-Bite
-2.478903293609619, 0.9942854046821594, 9.5342435836792, 70.0, 33205.0, Non-Bite
-2.5606253147125244, 1.103248119354248, 9.343558311462402, 70.0, 33275.0, Non-Bite
-2.478903293609619, 1.1849702596664429, 9.452521324157715, 70.0, 33345.0, Non-Bite
-2.451662540435791, 1.0215260982513428, 9.5342435836792, 70.0, 33415.0, Non-Bite
-2.5606253147125244, 1.103248119354248, 9.411660194396973, 70.0, 33485.0, Non-Bite
-2.410801649093628, 1.0215260982513428, 9.411660194396973, 70.0, 33555.0, Non-Bite
-2.5606253147125244, 1.0215260982513428, 9.575104713439941, 70.0, 33625.0, Non-Bite
-2.451662540435791, 0.9125633239746094, 9.575104713439941, 70.0, 33695.0, Non-Bite
-2.451662540435791, 0.953424334526062, 9.452521324157715, 70.0, 33765.0, Non-Bite
-2.478903293609619, 1.1441092491149902, 9.452521324157715, 68.0, 33833.0, Non-Bite
-2.451662540435791, 0.871702253818512, 9.575104713439941, 72.0, 33905.0, Non-Bite
-2.5197644233703613, 1.0623871088027954, 9.452521324157715, 70.0, 33975.0, Non-Bite
-2.451662540435791, 0.953424334526062, 9.493382453918457, 68.0, 34043.0, Non-Bite
-2.6014864444732666, 0.9942854046821594, 9.493382453918457, 72.0, 34115.0, Non-Bite
-2.5197644233703613, 1.0215260982513428, 9.5342435836792, 71.0, 34186.0, Non-Bite
-2.410801649093628, 0.9942854046821594, 9.411660194396973, 67.0, 34253.0, Non-Bite
-2.3699405193328857, 1.0623871088027954, 9.5342435836792, 71.0, 34324.0, Non-Bite
-2.2882184982299805, 0.9942854046821594, 9.493382453918457, 71.0, 34395.0, Non-Bite
-2.478903293609619, 1.103248119354248, 9.575104713439941, 70.0, 34465.0, Non-Bite
-2.410801649093628, 1.0623871088027954, 9.5342435836792, 70.0, 34535.0, Non-Bite
-2.6014864444732666, 1.0215260982513428, 9.5342435836792, 70.0, 34605.0, Non-Bite
-2.3699405193328857, 0.9942854046821594, 9.411660194396973, 70.0, 34675.0, Non-Bite
-2.478903293609619, 1.103248119354248, 9.493382453918457, 70.0, 34745.0, Non-Bite
-2.451662540435791, 1.1849702596664429, 9.60234546661377, 68.0, 34813.0, Non-Bite
-2.2882184982299805, 1.0623871088027954, 9.452521324157715, 72.0, 34885.0, Non-Bite
-2.410801649093628, 1.0215260982513428, 9.5342435836792, 68.0, 34953.0, Non-Bite
-2.3290793895721436, 1.0623871088027954, 9.643206596374512, 141.0, 35094.0, Non-Bite
-2.3699405193328857, 0.9125633239746094, 9.493382453918457, 69.0, 35163.0, Non-Bite
-2.410801649093628, 1.0623871088027954, 9.575104713439941, 72.0, 35235.0, Non-Bite
-2.3290793895721436, 0.953424334526062, 9.452521324157715, 70.0, 35305.0, Non-Bite
-2.3699405193328857, 1.1441092491149902, 9.5342435836792, 67.0, 35372.0, Non-Bite
-2.410801649093628, 1.1441092491149902, 9.5342435836792, 70.0, 35442.0, Non-Bite
-2.3290793895721436, 1.0215260982513428, 9.452521324157715, 70.0, 35512.0, Non-Bite
-2.410801649093628, 1.103248119354248, 9.493382453918457, 71.0, 35583.0, Non-Bite
-2.2473573684692383, 1.1849702596664429, 9.5342435836792, 70.0, 35653.0, Non-Bite
-2.410801649093628, 1.0623871088027954, 9.575104713439941, 72.0, 35725.0, Non-Bite
-2.478903293609619, 1.1441092491149902, 9.452521324157715, 68.0, 35793.0, Non-Bite
-2.451662540435791, 1.0623871088027954, 9.60234546661377, 69.0, 35862.0, Non-Bite
-2.478903293609619, 1.0623871088027954, 9.493382453918457, 70.0, 35932.0, Non-Bite
-2.410801649093628, 1.103248119354248, 9.384419441223145, 70.0, 36002.0, Non-Bite
-2.410801649093628, 1.1441092491149902, 9.493382453918457, 73.0, 36075.0, Non-Bite
-2.478903293609619, 1.0215260982513428, 9.452521324157715, 70.0, 36145.0, Non-Bite
-2.451662540435791, 0.9942854046821594, 9.5342435836792, 70.0, 36215.0, Non-Bite
-2.478903293609619, 1.0215260982513428, 9.5342435836792, 70.0, 36285.0, Non-Bite
-2.478903293609619, 1.0215260982513428, 9.493382453918457, 68.0, 36353.0, Non-Bite
-2.451662540435791, 0.9942854046821594, 9.493382453918457, 72.0, 36425.0, Non-Bite
-2.3290793895721436, 1.0215260982513428, 9.493382453918457, 68.0, 36493.0, Non-Bite
-2.410801649093628, 1.0623871088027954, 9.452521324157715, 70.0, 36563.0, Non-Bite
-2.3699405193328857, 0.9942854046821594, 9.493382453918457, 72.0, 36635.0, Non-Bite
-2.478903293609619, 0.953424334526062, 9.5342435836792, 68.0, 36703.0, Non-Bite
-2.410801649093628, 0.953424334526062, 9.5342435836792, 70.0, 36773.0, Non-Bite
-2.410801649093628, 1.1441092491149902, 9.493382453918457, 71.0, 36844.0, Non-Bite
-2.478903293609619, 1.0215260982513428, 9.575104713439941, 70.0, 36914.0, Non-Bite
-2.3699405193328857, 0.9942854046821594, 9.60234546661377, 71.0, 36985.0, Non-Bite
-2.22011661529541, 1.103248119354248, 9.493382453918457, 70.0, 37055.0, Non-Bite
-2.451662540435791, 1.2258312702178955, 9.575104713439941, 70.0, 37125.0, Non-Bite
-2.3290793895721436, 1.0215260982513428, 9.5342435836792, 68.0, 37193.0, Non-Bite
-2.410801649093628, 0.9942854046821594, 9.5342435836792, 72.0, 37265.0, Non-Bite
-2.451662540435791, 1.1441092491149902, 9.493382453918457, 68.0, 37333.0, Non-Bite
-2.3699405193328857, 1.1441092491149902, 9.5342435836792, 72.0, 37405.0, Non-Bite
-2.410801649093628, 1.103248119354248, 9.575104713439941, 70.0, 37475.0, Non-Bite
-2.2473573684692383, 1.0215260982513428, 9.493382453918457, 70.0, 37545.0, Non-Bite
-2.410801649093628, 1.1441092491149902, 9.452521324157715, 70.0, 37615.0, Non-Bite
-2.3290793895721436, 0.953424334526062, 9.643206596374512, 72.0, 37687.0, Non-Bite
-2.2882184982299805, 1.0623871088027954, 9.493382453918457, 66.0, 37753.0, Non-Bite
-2.3290793895721436, 1.0623871088027954, 9.5342435836792, 72.0, 37825.0, Non-Bite
-2.3699405193328857, 1.103248119354248, 9.5342435836792, 70.0, 37895.0, Non-Bite
-2.2882184982299805, 1.103248119354248, 9.493382453918457, 68.0, 37963.0, Non-Bite
-2.2882184982299805, 1.0623871088027954, 9.493382453918457, 70.0, 38033.0, Non-Bite
-2.3699405193328857, 0.9942854046821594, 9.575104713439941, 69.0, 38102.0, Non-Bite
-2.3699405193328857, 1.0215260982513428, 9.643206596374512, 70.0, 38172.0, Non-Bite
-1.8659876585006714, 1.2530720233917236, 9.874752044677734, 71.0, 38243.0, Non-Bite
-2.0566725730895996, 0.5311935544013977, 9.152873992919922, 72.0, 38315.0, Non-Bite
-3.323364734649658, 0.06810174137353897, 10.337843894958496, 68.0, 38383.0, Non-Bite
-5.543481349945068, 1.7978858947753906, 11.604536056518555, 72.0, 38455.0, Non-Bite
-7.232404708862305, 3.0645782947540283, 8.921327590942383, 70.0, 38525.0, Non-Bite
-6.851035118103027, 5.897610664367676, 7.382228374481201, 69.0, 38594.0, Non-Bite
-4.058863639831543, 5.666064739227295, 5.393657684326172, 69.0, 38663.0, Non-Bite
-1.2258312702178955, 6.047434329986572, 4.86246395111084, 72.0, 38735.0, Non-Bite
-1.2939330339431763, 5.965712070465088, 5.202972888946533, 70.0, 38805.0, Non-Bite
-2.8330323696136475, 6.578628063201904, 5.666064739227295, 70.0, 38875.0, Non-Bite
-4.167826175689697, 5.0122880935668945, 5.5843424797058105, 70.0, 38945.0, Non-Bite
-5.51624059677124, 5.815888404846191, 5.243834018707275, 70.0, 39015.0, Non-Bite
-5.543481349945068, 6.6603498458862305, 4.971426963806152, 70.0, 39085.0, Non-Bite
-4.699019908905029, 7.927042484283447, 5.053149223327637, 68.0, 39153.0, Non-Bite
-4.126965522766113, 7.423089504241943, 3.827317714691162, 72.0, 39225.0, Non-Bite
-5.053149223327637, 6.959997653961182, 4.699019908905029, 70.0, 39295.0, Non-Bite
-4.508335113525391, 6.537766933441162, 4.93056583404541, 68.0, 39363.0, Non-Bite
-4.780742168426514, 6.851035118103027, 4.44023323059082, 71.0, 39434.0, Non-Bite
-4.7398810386657715, 7.736357688903809, 5.053149223327637, 71.0, 39505.0, Non-Bite
-3.827317714691162, 7.314126491546631, 4.549196243286133, 68.0, 39573.0, Non-Bite
-5.162111759185791, 7.041719913482666, 4.86246395111084, 72.0, 39645.0, Non-Bite
-4.058863639831543, 6.278980255126953, 5.284695148468018, 68.0, 39713.0, Non-Bite
-4.549196243286133, 6.742072105407715, 4.44023323059082, 72.0, 39785.0, Non-Bite
-4.699019908905029, 7.545672416687012, 5.121250629425049, 68.0, 39853.0, Non-Bite
-4.126965522766113, 7.314126491546631, 4.780742168426514, 72.0, 39925.0, Non-Bite
-4.399372100830078, 6.510526180267334, 4.671779155731201, 70.0, 39995.0, Non-Bite
-4.249548435211182, 6.42880392074585, 5.202972888946533, 70.0, 40065.0, Non-Bite
-3.745595693588257, 6.00657320022583, 5.775027275085449, 68.0, 40133.0, Non-Bite
-3.1735410690307617, 5.666064739227295, 8.308412551879883, 72.0, 40205.0, Non-Bite
-0.2587866187095642, 7.232404708862305, 3.827317714691162, 70.0, 40275.0, Non-Bite
-4.903325080871582, 5.625203609466553, 4.317650318145752, 70.0, 40345.0, Non-Bite
-5.924851417541504, 5.35279655456543, 5.094009876251221, 70.0, 40415.0, Non-Bite
-6.742072105407715, 3.323364734649658, 6.6194891929626465, 70.0, 40485.0, Non-Bite
-6.387943267822266, 1.375655174255371, 7.57291316986084, 68.0, 40553.0, Non-Bite
-4.549196243286133, 0.29964765906333923, 8.036005020141602, 72.0, 40625.0, Non-Bite
-3.6774938106536865, 0.40861043334007263, 9.343558311462402, 70.0, 40695.0, Non-Bite
-1.9885708093643188, 0.3813697397708893, 8.376513481140137, 70.0, 40765.0, Non-Bite
-3.6774938106536865, -1.4165161848068237, 9.72492790222168, 70.0, 40835.0, Non-Bite
-1.8659876585006714, 0.40861043334007263, 9.60234546661377, 68.0, 40903.0, Non-Bite
-1.6753027439117432, 0.7627394795417786, 9.833890914916992, 72.0, 40975.0, Non-Bite
-1.5663399696350098, 0.06810174137353897, 9.384419441223145, 70.0, 41045.0, Non-Bite
-1.9477096796035767, 0.3813697397708893, 9.833890914916992, 70.0, 41115.0, Non-Bite
-1.375655174255371, 0.3813697397708893, 9.765789031982422, 70.0, 41185.0, Non-Bite
-1.6344417333602905, 0.40861043334007263, 9.643206596374512, 70.0, 41255.0, Non-Bite
-1.9885708093643188, 0.5720546245574951, 9.765789031982422, 70.0, 41325.0, Non-Bite
-1.757024884223938, 0.5311935544013977, 9.643206596374512, 70.0, 41395.0, Non-Bite
-2.0294318199157715, 0.5720546245574951, 9.765789031982422, 68.0, 41463.0, Non-Bite
-1.9885708093643188, 0.44947147369384766, 9.684066772460938, 72.0, 41535.0, Non-Bite
-1.7978858947753906, 0.5311935544013977, 9.643206596374512, 70.0, 41605.0, Non-Bite
-2.0975334644317627, 0.5720546245574951, 9.575104713439941, 68.0, 41673.0, Non-Bite
-2.0566725730895996, 0.6401563286781311, 9.806650161743164, 72.0, 41745.0, Non-Bite
-2.179255723953247, 0.6129156351089478, 9.684066772460938, 70.0, 41815.0, Non-Bite
-2.138394594192505, 0.6401563286781311, 9.60234546661377, 70.0, 41885.0, Non-Bite
-2.179255723953247, 0.6401563286781311, 9.643206596374512, 68.0, 41953.0, Non-Bite
-2.179255723953247, 0.6129156351089478, 9.60234546661377, 72.0, 42025.0, Non-Bite
-2.22011661529541, 0.6129156351089478, 9.684066772460938, 69.0, 42094.0, Non-Bite
-2.2882184982299805, 0.6129156351089478, 9.5342435836792, 69.0, 42163.0, Non-Bite
-2.2473573684692383, 0.5720546245574951, 9.5342435836792, 71.0, 42234.0, Non-Bite
-2.3699405193328857, 0.5720546245574951, 8.308412551879883, 71.0, 42305.0, Non-Bite
-2.179255723953247, -0.0272406954318285, 9.11201286315918, 68.0, 42373.0, Non-Bite
-2.3290793895721436, 0.5311935544013977, 9.575104713439941, 73.0, 42446.0, Non-Bite
-2.2882184982299805, 0.5720546245574951, 9.60234546661377, 67.0, 42513.0, Non-Bite
-2.179255723953247, 0.5311935544013977, 9.575104713439941, 72.0, 42585.0, Non-Bite
-2.0975334644317627, 0.5720546245574951, 9.493382453918457, 68.0, 42653.0, Non-Bite
-2.3290793895721436, 0.8036004900932312, 9.643206596374512, 72.0, 42725.0, Non-Bite
-2.22011661529541, 0.5720546245574951, 9.575104713439941, 68.0, 42793.0, Non-Bite
-2.3290793895721436, 0.6810173988342285, 9.575104713439941, 72.0, 42865.0, Non-Bite
-2.22011661529541, 0.6129156351089478, 9.60234546661377, 68.0, 42933.0, Non-Bite
-2.0975334644317627, 0.5720546245574951, 9.575104713439941, 73.0, 43005.0, Non-Bite
-2.22011661529541, 0.7218784093856812, 9.643206596374512, 67.0, 43073.0, Non-Bite
-2.2882184982299805, 0.7218784093856812, 9.575104713439941, 71.0, 43144.0, Non-Bite
-2.22011661529541, 0.5720546245574951, 9.575104713439941, 70.0, 43214.0, Non-Bite
-2.22011661529541, 0.3813697397708893, 9.575104713439941, 70.0, 43284.0, Non-Bite
-2.22011661529541, 0.40861043334007263, 9.5342435836792, 71.0, 43355.0, Non-Bite
-2.22011661529541, 0.6129156351089478, 9.575104713439941, 70.0, 43425.0, Non-Bite
-2.22011661529541, 0.6401563286781311, 9.60234546661377, 68.0, 43493.0, Non-Bite
-2.410801649093628, 0.6129156351089478, 9.5342435836792, 72.0, 43565.0, Non-Bite
-2.451662540435791, 0.4903325140476227, 9.575104713439941, 70.0, 43635.0, Non-Bite
-2.2473573684692383, 0.5311935544013977, 9.643206596374512, 70.0, 43705.0, Non-Bite
-2.2473573684692383, 0.5311935544013977, 9.575104713439941, 70.0, 43775.0, Non-Bite
-2.3290793895721436, 0.40861043334007263, 9.5342435836792, 71.0, 43846.0, Non-Bite
-2.410801649093628, 0.8036004900932312, 9.493382453918457, 66.0, 43912.0, Non-Bite
-2.2882184982299805, 0.6401563286781311, 9.5342435836792, 70.0, 43982.0, Non-Bite
-2.410801649093628, 0.6401563286781311, 9.5342435836792, 70.0, 44052.0, Non-Bite
-2.3290793895721436, 0.4903325140476227, 9.643206596374512, 72.0, 44124.0, Non-Bite
-2.2882184982299805, 0.5311935544013977, 9.575104713439941, 71.0, 44195.0, Non-Bite
-2.410801649093628, 0.5311935544013977, 9.5342435836792, 70.0, 44265.0, Non-Bite
-2.410801649093628, 0.4903325140476227, 9.575104713439941, 70.0, 44335.0, Non-Bite
-2.2473573684692383, 0.6129156351089478, 9.575104713439941, 69.0, 44404.0, Non-Bite
-2.410801649093628, 0.5720546245574951, 9.575104713439941, 68.0, 44472.0, Non-Bite
-2.410801649093628, 0.6129156351089478, 9.493382453918457, 70.0, 44542.0, Non-Bite
-2.3290793895721436, 0.6401563286781311, 9.643206596374512, 70.0, 44612.0, Non-Bite
-2.410801649093628, 0.6810173988342285, 9.684066772460938, 74.0, 44686.0, Non-Bite
-2.179255723953247, 0.5720546245574951, 9.411660194396973, 67.0, 44753.0, Non-Bite
-2.451662540435791, 0.7218784093856812, 9.575104713439941, 73.0, 44826.0, Non-Bite
-2.3290793895721436, 0.5720546245574951, 9.493382453918457, 67.0, 44893.0, Non-Bite
-2.451662540435791, 0.6129156351089478, 9.575104713439941, 72.0, 44965.0, Non-Bite
-2.2473573684692383, 0.6401563286781311, 9.493382453918457, 70.0, 45035.0, Non-Bite
-2.410801649093628, 0.6401563286781311, 9.5342435836792, 68.0, 45103.0, Non-Bite
-2.2882184982299805, 0.7218784093856812, 9.5342435836792, 72.0, 45175.0, Non-Bite
-2.2473573684692383, 0.5720546245574951, 9.452521324157715, 68.0, 45243.0, Non-Bite
-2.3290793895721436, 0.6810173988342285, 9.452521324157715, 73.0, 45316.0, Non-Bite
-2.5606253147125244, 0.5720546245574951, 9.643206596374512, 67.0, 45383.0, Non-Bite
-2.2882184982299805, 0.6810173988342285, 9.493382453918457, 72.0, 45455.0, Non-Bite
-2.451662540435791, 0.6401563286781311, 9.452521324157715, 70.0, 45525.0, Non-Bite
-2.410801649093628, 0.5720546245574951, 9.575104713439941, 68.0, 45593.0, Non-Bite
-2.5197644233703613, 0.7218784093856812, 9.575104713439941, 70.0, 45663.0, Non-Bite
-2.5197644233703613, 0.40861043334007263, 9.5342435836792, 70.0, 45733.0, Non-Bite
-2.410801649093628, 0.6401563286781311, 9.684066772460938, 70.0, 45803.0, Non-Bite
-2.3699405193328857, 0.5720546245574951, 9.575104713439941, 71.0, 45874.0, Non-Bite
-2.3699405193328857, 0.5311935544013977, 9.411660194396973, 69.0, 45943.0, Non-Bite
-2.478903293609619, 0.5311935544013977, 9.5342435836792, 70.0, 46013.0, Non-Bite
-2.2882184982299805, 0.5720546245574951, 9.452521324157715, 70.0, 46083.0, Non-Bite
-2.5197644233703613, 0.5720546245574951, 9.575104713439941, 70.0, 46153.0, Non-Bite
-2.5197644233703613, 0.40861043334007263, 9.384419441223145, 70.0, 46223.0, Non-Bite
-2.7921712398529053, 0.6401563286781311, 9.5342435836792, 70.0, 46293.0, Non-Bite
-2.5197644233703613, 0.6129156351089478, 9.493382453918457, 70.0, 46363.0, Non-Bite
-2.2473573684692383, 0.6401563286781311, 9.452521324157715, 70.0, 46433.0, Non-Bite
-2.642347574234009, 0.5720546245574951, 9.493382453918457, 70.0, 46503.0, Non-Bite
-2.642347574234009, 0.5720546245574951, 9.575104713439941, 70.0, 46573.0, Non-Bite
-2.642347574234009, 0.4903325140476227, 9.411660194396973, 70.0, 46643.0, Non-Bite
-2.5606253147125244, 0.44947147369384766, 9.5342435836792, 70.0, 46713.0, Non-Bite
-2.5197644233703613, 0.4903325140476227, 9.5342435836792, 70.0, 46783.0, Non-Bite
-2.6014864444732666, 0.5720546245574951, 9.60234546661377, 70.0, 46853.0, Non-Bite
-2.5197644233703613, 0.5720546245574951, 9.411660194396973, 70.0, 46923.0, Non-Bite
-2.669588088989258, 0.5720546245574951, 9.60234546661377, 70.0, 46993.0, Non-Bite
-2.410801649093628, 0.44947147369384766, 9.384419441223145, 70.0, 47063.0, Non-Bite
-2.451662540435791, 0.5720546245574951, 9.452521324157715, 70.0, 47133.0, Non-Bite
-2.410801649093628, 0.5720546245574951, 9.575104713439941, 70.0, 47203.0, Non-Bite
-2.751310348510742, 0.44947147369384766, 10.869037628173828, 70.0, 47273.0, Non-Bite
-2.751310348510742, 0.5720546245574951, 9.997335433959961, 70.0, 47343.0, Non-Bite
-2.642347574234009, 0.3813697397708893, 9.806650161743164, 70.0, 47413.0, Non-Bite
-1.9885708093643188, 0.871702253818512, 9.643206596374512, 70.0, 47483.0, Non-Bite
-2.8602731227874756, 1.0215260982513428, 10.296982765197754, 70.0, 47553.0, Non-Bite
-2.451662540435791, 1.2530720233917236, 9.11201286315918, 70.0, 47623.0, Non-Bite
-4.058863639831543, 0.2587866187095642, 9.071151733398438, 70.0, 47693.0, Non-Bite
-3.554910659790039, -0.6401563286781311, 8.730643272399902, 70.0, 47763.0, Non-Bite
-3.323364734649658, 0.0, 8.798744201660156, 70.0, 47833.0, Non-Bite
-2.179255723953247, 0.19068486988544464, 9.11201286315918, 70.0, 47903.0, Non-Bite
-3.214401960372925, -0.3813697397708893, 8.921327590942383, 70.0, 47973.0, Non-Bite
-4.4810943603515625, 0.2587866187095642, 8.376513481140137, 70.0, 48043.0, Non-Bite
-5.0122880935668945, -0.0272406954318285, 7.123441696166992, 70.0, 48113.0, Non-Bite
-5.121250629425049, 0.19068486988544464, 7.886181354522705, 70.0, 48183.0, Non-Bite
-5.0122880935668945, 0.108962781727314, 8.308412551879883, 70.0, 48253.0, Non-Bite
-4.549196243286133, -0.40861043334007263, 8.308412551879883, 70.0, 48323.0, Non-Bite
-5.706925868988037, -0.34050869941711426, 7.845320224761963, 70.0, 48393.0, Non-Bite
-5.666064739227295, 0.5720546245574951, 7.736357688903809, 71.0, 48464.0, Non-Bite
-7.654635429382324, 1.4846179485321045, 7.123441696166992, 69.0, 48533.0, Non-Bite
-7.9679036140441895, 1.5663399696350098, 5.734166622161865, 71.0, 48604.0, Non-Bite
-8.036005020141602, 1.757024884223938, 5.5843424797058105, 69.0, 48673.0, Non-Bite
-6.238119125366211, 1.9885708093643188, 5.543481349945068, 70.0, 48743.0, Non-Bite
-5.815888404846191, 2.982856035232544, 5.35279655456543, 70.0, 48813.0, Non-Bite
-6.278980255126953, 3.7047345638275146, 6.00657320022583, 70.0, 48883.0, Non-Bite
-6.238119125366211, 4.699019908905029, 6.42880392074585, 70.0, 48953.0, Non-Bite
-5.666064739227295, 4.167826175689697, 5.856749534606934, 70.0, 49023.0, Non-Bite
-6.197257995605469, 4.2086873054504395, 6.891895771026611, 71.0, 49094.0, Non-Bite
-5.856749534606934, 4.971426963806152, 5.284695148468018, 69.0, 49163.0, Non-Bite
-6.9327569007873535, 4.399372100830078, 4.549196243286133, 70.0, 49233.0, Non-Bite
-8.076866149902344, 4.249548435211182, 5.162111759185791, 70.0, 49303.0, Non-Bite
-6.891895771026611, 4.44023323059082, 5.897610664367676, 70.0, 49373.0, Non-Bite
-6.278980255126953, 4.93056583404541, 6.047434329986572, 69.0, 49442.0, Non-Bite
-5.094009876251221, 5.053149223327637, 5.393657684326172, 70.0, 49512.0, Non-Bite
-5.775027275085449, 4.821603298187256, 5.856749534606934, 70.0, 49582.0, Non-Bite
-5.734166622161865, 5.393657684326172, 5.856749534606934, 71.0, 49653.0, Non-Bite
-5.475379943847656, 5.666064739227295, 5.706925868988037, 71.0, 49724.0, Non-Bite
-4.903325080871582, 5.775027275085449, 5.434518814086914, 70.0, 49794.0, Non-Bite
-5.284695148468018, 5.856749534606934, 5.434518814086914, 69.0, 49863.0, Non-Bite
-5.666064739227295, 5.543481349945068, 5.243834018707275, 70.0, 49933.0, Non-Bite
-5.734166622161865, 5.775027275085449, 5.543481349945068, 70.0, 50003.0, Non-Bite
-5.393657684326172, 5.965712070465088, 5.475379943847656, 70.0, 50073.0, Non-Bite
-5.51624059677124, 5.734166622161865, 5.434518814086914, 70.0, 50143.0, Non-Bite
-5.51624059677124, 5.706925868988037, 5.284695148468018, 70.0, 50213.0, Non-Bite
-5.734166622161865, 5.706925868988037, 5.243834018707275, 70.0, 50283.0, Non-Bite
-5.706925868988037, 5.666064739227295, 5.053149223327637, 70.0, 50353.0, Non-Bite
-6.278980255126953, 5.706925868988037, 5.162111759185791, 70.0, 50423.0, Non-Bite
-6.129156589508057, 5.815888404846191, 5.284695148468018, 70.0, 50493.0, Non-Bite
-5.775027275085449, 5.625203609466553, 5.162111759185791, 70.0, 50563.0, Non-Bite
-5.815888404846191, 5.543481349945068, 5.3119354248046875, 70.0, 50633.0, Non-Bite
-5.775027275085449, 5.706925868988037, 5.162111759185791, 70.0, 50703.0, Non-Bite
-5.815888404846191, 5.734166622161865, 5.284695148468018, 70.0, 50773.0, Non-Bite
-5.734166622161865, 5.815888404846191, 5.3119354248046875, 70.0, 50843.0, Non-Bite
-5.5843424797058105, 5.856749534606934, 5.284695148468018, 70.0, 50913.0, Non-Bite
-5.35279655456543, 6.047434329986572, 5.475379943847656, 70.0, 50983.0, Non-Bite
-5.121250629425049, 6.047434329986572, 5.543481349945068, 70.0, 51053.0, Non-Bite
-5.053149223327637, 5.5843424797058105, 6.197257995605469, 70.0, 51123.0, Non-Bite
-5.284695148468018, 5.35279655456543, 5.625203609466553, 70.0, 51193.0, Non-Bite
-5.706925868988037, 4.399372100830078, 5.094009876251221, 70.0, 51263.0, Non-Bite
-7.4639506340026855, 3.7047345638275146, 5.35279655456543, 70.0, 51333.0, Non-Bite
-8.036005020141602, 3.8954193592071533, 5.35279655456543, 70.0, 51403.0, Non-Bite
-6.959997653961182, 3.6774938106536865, 4.971426963806152, 70.0, 51473.0, Non-Bite
-7.613774299621582, 3.023717164993286, 5.434518814086914, 70.0, 51543.0, Non-Bite
-7.000858783721924, 2.751310348510742, 5.162111759185791, 70.0, 51613.0, Non-Bite
-7.000858783721924, 2.3699405193328857, 5.706925868988037, 70.0, 51683.0, Non-Bite
-7.57291316986084, 1.103248119354248, 5.543481349945068, 70.0, 51753.0, Non-Bite
-7.545672416687012, 0.5311935544013977, 5.965712070465088, 70.0, 51823.0, Non-Bite
-7.423089504241943, -0.0272406954318285, 6.6603498458862305, 70.0, 51893.0, Non-Bite
-7.273265838623047, -0.14982382953166962, 7.613774299621582, 70.0, 51963.0, Non-Bite
-6.197257995605469, -0.3813697397708893, 8.26755142211914, 70.0, 52033.0, Non-Bite
-4.4810943603515625, -0.9125633239746094, 8.608059883117676, 70.0, 52103.0, Non-Bite
-1.8659876585006714, -0.871702253818512, 8.88046646118164, 70.0, 52173.0, Non-Bite
-1.1849702596664429, -1.4437568187713623, 9.261836051940918, 70.0, 52243.0, Non-Bite
-1.0623871088027954, -1.4437568187713623, 9.575104713439941, 71.0, 52314.0, Non-Bite
-1.7978858947753906, -2.0294318199157715, 10.296982765197754, 69.0, 52383.0, Non-Bite
-1.4165161848068237, -2.0294318199157715, 9.833890914916992, 70.0, 52453.0, Non-Bite
-2.2882184982299805, -1.2258312702178955, 7.995143890380859, 70.0, 52523.0, Non-Bite
-3.4459478855133057, 0.9125633239746094, 8.839605331420898, 70.0, 52593.0, Non-Bite
-2.8602731227874756, 2.22011661529541, 8.417374610900879, 70.0, 52663.0, Non-Bite
-2.0566725730895996, 3.7047345638275146, 8.499096870422363, 70.0, 52733.0, Non-Bite
-2.982856035232544, 3.78645658493042, 9.11201286315918, 70.0, 52803.0, Non-Bite
-2.7921712398529053, 3.3642258644104004, 8.962188720703125, 70.0, 52873.0, Non-Bite
-5.121250629425049, 1.9477096796035767, 11.836082458496094, 70.0, 52943.0, Non-Bite
-2.0294318199157715, 1.4165161848068237, 8.839605331420898, 70.0, 53013.0, Non-Bite
-2.451662540435791, 1.4846179485321045, 8.499096870422363, 70.0, 53083.0, Non-Bite
-2.22011661529541, 2.3699405193328857, 9.915613174438477, 70.0, 53153.0, Non-Bite
-3.554910659790039, 1.7161637544631958, 8.839605331420898, 70.0, 53223.0, Non-Bite
-3.4459478855133057, 2.5606253147125244, 9.30269718170166, 70.0, 53293.0, Non-Bite
-3.323364734649658, 1.9885708093643188, 8.798744201660156, 70.0, 53363.0, Non-Bite
-3.514049768447876, 2.2882184982299805, 9.071151733398438, 70.0, 53433.0, Non-Bite
-3.4459478855133057, 1.906848669052124, 8.921327590942383, 70.0, 53503.0, Non-Bite
-3.323364734649658, 2.410801649093628, 8.962188720703125, 70.0, 53573.0, Non-Bite
-3.4050869941711426, 1.9477096796035767, 9.030290603637695, 70.0, 53643.0, Non-Bite
-3.4459478855133057, 2.138394594192505, 8.921327590942383, 70.0, 53713.0, Non-Bite
-3.323364734649658, 2.179255723953247, 8.921327590942383, 70.0, 53783.0, Non-Bite
-3.282503843307495, 2.22011661529541, 8.921327590942383, 71.0, 53854.0, Non-Bite
-3.7047345638275146, 2.179255723953247, 8.839605331420898, 69.0, 53923.0, Non-Bite
-3.5957717895507813, 2.138394594192505, 8.88046646118164, 70.0, 53993.0, Non-Bite
-3.514049768447876, 2.2473573684692383, 8.839605331420898, 70.0, 54063.0, Non-Bite
-3.7047345638275146, 2.0294318199157715, 8.68978214263916, 70.0, 54133.0, Non-Bite
-3.473188638687134, 2.0975334644317627, 8.798744201660156, 70.0, 54203.0, Non-Bite
-3.745595693588257, 2.0975334644317627, 8.730643272399902, 70.0, 54273.0, Non-Bite
-3.6366329193115234, 2.2473573684692383, 8.962188720703125, 70.0, 54343.0, Non-Bite
-3.8681788444519043, 2.0566725730895996, 8.771504402160645, 70.0, 54413.0, Non-Bite
-3.5957717895507813, 2.138394594192505, 8.771504402160645, 70.0, 54483.0, Non-Bite
-3.6366329193115234, 2.0566725730895996, 8.798744201660156, 70.0, 54553.0, Non-Bite
-3.8681788444519043, 2.2473573684692383, 8.798744201660156, 70.0, 54623.0, Non-Bite
-3.514049768447876, 2.179255723953247, 8.921327590942383, 70.0, 54693.0, Non-Bite
-3.78645658493042, 2.0566725730895996, 8.839605331420898, 70.0, 54763.0, Non-Bite
-3.7047345638275146, 2.0566725730895996, 8.68978214263916, 71.0, 54834.0, Non-Bite
-3.473188638687134, 2.0566725730895996, 8.798744201660156, 71.0, 54905.0, Non-Bite
-3.6774938106536865, 2.0294318199157715, 8.771504402160645, 68.0, 54973.0, Non-Bite
-3.5957717895507813, 2.179255723953247, 8.839605331420898, 70.0, 55043.0, Non-Bite
-3.6366329193115234, 2.0566725730895996, 8.88046646118164, 70.0, 55113.0, Non-Bite
-3.6774938106536865, 2.0566725730895996, 8.921327590942383, 70.0, 55183.0, Non-Bite
-3.5957717895507813, 2.179255723953247, 8.798744201660156, 70.0, 55253.0, Non-Bite
-3.6366329193115234, 2.138394594192505, 8.88046646118164, 70.0, 55323.0, Non-Bite
-3.6774938106536865, 1.9477096796035767, 8.771504402160645, 70.0, 55393.0, Non-Bite
-3.514049768447876, 2.0975334644317627, 8.798744201660156, 70.0, 55463.0, Non-Bite
-3.7047345638275146, 2.138394594192505, 8.921327590942383, 70.0, 55533.0, Non-Bite
-3.5957717895507813, 1.9477096796035767, 8.839605331420898, 70.0, 55603.0, Non-Bite
-3.6774938106536865, 2.0975334644317627, 8.839605331420898, 70.0, 55673.0, Non-Bite
-3.6774938106536865, 1.9885708093643188, 8.798744201660156, 70.0, 55743.0, Non-Bite
-3.745595693588257, 2.0566725730895996, 8.88046646118164, 70.0, 55813.0, Non-Bite
-3.514049768447876, 2.0975334644317627, 8.839605331420898, 70.0, 55883.0, Non-Bite
-3.745595693588257, 2.0294318199157715, 8.921327590942383, 70.0, 55953.0, Non-Bite
-3.6366329193115234, 1.9885708093643188, 8.730643272399902, 70.0, 56023.0, Non-Bite
-3.6774938106536865, 2.179255723953247, 8.839605331420898, 71.0, 56094.0, Non-Bite
-3.745595693588257, 2.0566725730895996, 8.798744201660156, 70.0, 56164.0, Non-Bite
-3.6366329193115234, 2.138394594192505, 8.88046646118164, 69.0, 56233.0, Non-Bite
-3.745595693588257, 1.9477096796035767, 8.730643272399902, 70.0, 56303.0, Non-Bite
-3.78645658493042, 2.0975334644317627, 8.839605331420898, 70.0, 56373.0, Non-Bite
-3.6366329193115234, 2.0294318199157715, 8.839605331420898, 70.0, 56443.0, Non-Bite
-3.6366329193115234, 1.906848669052124, 9.030290603637695, 70.0, 56513.0, Non-Bite
-3.514049768447876, 1.8659876585006714, 8.798744201660156, 70.0, 56583.0, Non-Bite
-3.4459478855133057, 1.906848669052124, 8.730643272399902, 70.0, 56653.0, Non-Bite
-3.473188638687134, 1.9477096796035767, 8.989429473876953, 70.0, 56723.0, Non-Bite
-3.514049768447876, 1.9477096796035767, 9.152873992919922, 70.0, 56793.0, Non-Bite
-3.554910659790039, 1.8659876585006714, 8.989429473876953, 70.0, 56863.0, Non-Bite
-3.745595693588257, 1.9885708093643188, 8.798744201660156, 70.0, 56933.0, Non-Bite
-3.745595693588257, 1.9885708093643188, 8.962188720703125, 70.0, 57003.0, Non-Bite
-3.514049768447876, 1.9885708093643188, 8.989429473876953, 70.0, 57073.0, Non-Bite
-3.6774938106536865, 2.669588088989258, 9.071151733398438, 70.0, 57143.0, Non-Bite
-3.827317714691162, 2.71044921875, 8.989429473876953, 72.0, 57215.0, Non-Bite
-3.6774938106536865, 1.6753027439117432, 8.962188720703125, 68.0, 57283.0, Non-Bite
-3.7047345638275146, 1.8659876585006714, 8.921327590942383, 71.0, 57354.0, Non-Bite
-3.5957717895507813, 2.0294318199157715, 8.921327590942383, 70.0, 57424.0, Non-Bite
-3.5957717895507813, 1.9477096796035767, 8.839605331420898, 69.0, 57493.0, Non-Bite
-3.554910659790039, 2.179255723953247, 8.798744201660156, 70.0, 57563.0, Non-Bite
-3.6366329193115234, 1.906848669052124, 8.921327590942383, 70.0, 57633.0, Non-Bite
-3.6366329193115234, 1.8659876585006714, 8.839605331420898, 70.0, 57703.0, Non-Bite
-3.5957717895507813, 2.0294318199157715, 8.839605331420898, 70.0, 57773.0, Non-Bite
-3.5957717895507813, 1.9477096796035767, 8.962188720703125, 70.0, 57843.0, Non-Bite
-3.554910659790039, 1.9885708093643188, 8.798744201660156, 70.0, 57913.0, Non-Bite
-3.6774938106536865, 2.0566725730895996, 8.88046646118164, 70.0, 57983.0, Non-Bite
-3.6366329193115234, 2.0566725730895996, 9.030290603637695, 70.0, 58053.0, Non-Bite
-3.6366329193115234, 1.9885708093643188, 8.88046646118164, 70.0, 58123.0, Non-Bite
-3.554910659790039, 1.9477096796035767, 8.88046646118164, 70.0, 58193.0, Non-Bite
-3.5957717895507813, 1.906848669052124, 8.921327590942383, 70.0, 58263.0, Non-Bite
-3.6774938106536865, 1.9477096796035767, 8.88046646118164, 70.0, 58333.0, Non-Bite
-3.514049768447876, 1.906848669052124, 8.989429473876953, 70.0, 58403.0, Non-Bite
-3.6774938106536865, 2.0294318199157715, 8.88046646118164, 70.0, 58473.0, Non-Bite
-3.6366329193115234, 1.9477096796035767, 9.030290603637695, 70.0, 58543.0, Non-Bite
-3.554910659790039, 1.9477096796035767, 8.839605331420898, 70.0, 58613.0, Non-Bite
-3.0645782947540283, 2.0975334644317627, 9.956474304199219, 72.0, 58685.0, Non-Bite
-2.5197644233703613, 1.6344417333602905, 9.193735122680664, 68.0, 58753.0, Non-Bite
-2.478903293609619, 3.023717164993286, 11.563674926757813, 70.0, 58823.0, Non-Bite
0.217925563454628, 3.78645658493042, 9.72492790222168, 69.0, 58892.0, Non-Bite
-0.7218784093856812, 3.6366329193115234, 8.458235740661621, 70.0, 58962.0, Non-Bite
-2.2473573684692383, 0.7627394795417786, 7.57291316986084, 70.0, 59032.0, Non-Bite
-3.6366329193115234, -2.751310348510742, 7.654635429382324, 72.0, 59104.0, Non-Bite
-3.282503843307495, -3.1326799392700195, 8.962188720703125, 69.0, 59173.0, Non-Bite
-3.78645658493042, -2.982856035232544, 10.256121635437012, 70.0, 59243.0, Non-Bite
-1.4437568187713623, -1.9885708093643188, 8.771504402160645, 70.0, 59313.0, Non-Bite
-1.2258312702178955, -2.179255723953247, 9.11201286315918, 70.0, 59383.0, Non-Bite
-1.2530720233917236, -1.1441092491149902, 10.610250473022461, 70.0, 59453.0, Non-Bite
-0.3813697397708893, 0.9125633239746094, 10.1471586227417, 70.0, 59523.0, Non-Bite
-0.06810174137353897, 1.8387469053268433, 10.024576187133789, 71.0, 59594.0, Non-Bite
-2.451662540435791, 1.4846179485321045, 9.575104713439941, 69.0, 59663.0, Non-Bite
-2.941995143890381, 1.334794044494629, 10.678352355957031, 70.0, 59733.0, Non-Bite
-0.8036004900932312, 1.8659876585006714, 9.72492790222168, 70.0, 59803.0, Non-Bite
0.40861043334007263, 2.3699405193328857, 9.643206596374512, 70.0, 59873.0, Non-Bite
0.6810173988342285, 1.6072009801864624, 9.684066772460938, 70.0, 59943.0, Non-Bite
-0.5311935544013977, 0.9125633239746094, 9.643206596374512, 70.0, 60013.0, Non-Bite
-2.941995143890381, 0.6810173988342285, 9.643206596374512, 69.0, 60082.0, Non-Bite
-3.0645782947540283, 0.7218784093856812, 9.874752044677734, 71.0, 60153.0, Non-Bite
-1.5254789590835571, 0.8036004900932312, 9.684066772460938, 70.0, 60223.0, Non-Bite
-1.4437568187713623, 0.14982382953166962, 9.874752044677734, 70.0, 60293.0, Non-Bite
-1.0623871088027954, -0.2587866187095642, 10.1471586227417, 69.0, 60362.0, Non-Bite
-0.7627394795417786, -0.44947147369384766, 9.765789031982422, 194.0, 60556.0, Non-Bite
-0.7218784093856812, -0.4903325140476227, 9.915613174438477, 3.0, 60559.0, Non-Bite
-1.2258312702178955, -0.34050869941711426, 9.60234546661377, 15.0, 60574.0, Non-Bite
-1.4165161848068237, -0.34050869941711426, 9.60234546661377, 69.0, 60643.0, Non-Bite
-1.8659876585006714, -0.7218784093856812, 9.915613174438477, 69.0, 60712.0, Non-Bite
-2.6014864444732666, -0.8308411836624146, 8.989429473876953, 71.0, 60783.0, Non-Bite
-2.179255723953247, -0.953424334526062, 9.806650161743164, 72.0, 60855.0, Non-Bite
-2.3699405193328857, 0.0, 9.806650161743164, 68.0, 60923.0, Non-Bite
-1.6753027439117432, 0.2587866187095642, 9.452521324157715, 70.0, 60993.0, Non-Bite
-1.6753027439117432, 1.0215260982513428, 9.874752044677734, 70.0, 61063.0, Non-Bite
-2.0294318199157715, 2.138394594192505, 10.21526050567627, 71.0, 61134.0, Non-Bite
-1.9885708093643188, 1.4846179485321045, 9.874752044677734, 69.0, 61203.0, Non-Bite
-1.9477096796035767, 0.871702253818512, 9.261836051940918, 70.0, 61273.0, Non-Bite
-1.0623871088027954, 1.103248119354248, 9.72492790222168, 70.0, 61343.0, Non-Bite
-1.906848669052124, 1.103248119354248, 10.106298446655273, 70.0, 61413.0, Non-Bite
-1.1849702596664429, 1.6344417333602905, 9.030290603637695, 70.0, 61483.0, Non-Bite
-1.757024884223938, 1.7978858947753906, 10.256121635437012, 70.0, 61553.0, Non-Bite
-2.0975334644317627, 1.8387469053268433, 9.684066772460938, 70.0, 61623.0, Non-Bite
-2.2882184982299805, 1.4165161848068237, 9.493382453918457, 70.0, 61693.0, Non-Bite
-2.0566725730895996, 0.6401563286781311, 9.575104713439941, 70.0, 61763.0, Non-Bite
-1.9885708093643188, 0.217925563454628, 9.765789031982422, 70.0, 61833.0, Non-Bite
-1.4165161848068237, 0.29964765906333923, 9.765789031982422, 70.0, 61903.0, Non-Bite
-1.9885708093643188, 0.5720546245574951, 10.106298446655273, 70.0, 61973.0, Non-Bite
-1.0623871088027954, 0.7627394795417786, 9.30269718170166, 70.0, 62043.0, Non-Bite
-3.9771416187286377, 0.3813697397708893, 9.643206596374512, 70.0, 62113.0, Non-Bite
-3.514049768447876, 1.375655174255371, 9.72492790222168, 70.0, 62183.0, Non-Bite
-2.179255723953247, 2.0975334644317627, 8.88046646118164, 70.0, 62253.0, Non-Bite
-0.29964765906333923, 2.3290793895721436, 8.349272727966309, 70.0, 62323.0, Non-Bite
-0.2587866187095642, 1.4846179485321045, 9.384419441223145, 70.0, 62393.0, Non-Bite
1.0215260982513428, 0.6129156351089478, 10.188019752502441, 70.0, 62463.0, Non-Bite
0.0272406954318285, 1.0623871088027954, 9.915613174438477, 71.0, 62534.0, Non-Bite
-0.5720546245574951, 1.4165161848068237, 10.1471586227417, 69.0, 62603.0, Non-Bite
-2.138394594192505, 2.7921712398529053, 9.765789031982422, 70.0, 62673.0, Non-Bite
-2.8330323696136475, 2.751310348510742, 9.5342435836792, 70.0, 62743.0, Non-Bite
-1.9885708093643188, 1.9885708093643188, 9.193735122680664, 70.0, 62813.0, Non-Bite
-2.138394594192505, 1.8659876585006714, 9.684066772460938, 70.0, 62883.0, Non-Bite
-2.451662540435791, 2.478903293609619, 9.411660194396973, 70.0, 62953.0, Non-Bite
-3.023717164993286, 2.0975334644317627, 9.193735122680664, 70.0, 63023.0, Non-Bite
-2.982856035232544, 1.9885708093643188, 9.261836051940918, 70.0, 63093.0, Non-Bite
-2.6014864444732666, 2.138394594192505, 9.11201286315918, 70.0, 63163.0, Non-Bite
-2.9011340141296387, 2.2473573684692383, 9.261836051940918, 70.0, 63233.0, Non-Bite
-2.751310348510742, 2.0975334644317627, 9.193735122680664, 70.0, 63303.0, Non-Bite
-2.8602731227874756, 2.22011661529541, 9.11201286315918, 70.0, 63373.0, Non-Bite
-2.8330323696136475, 2.22011661529541, 9.193735122680664, 70.0, 63443.0, Non-Bite
-2.7921712398529053, 2.138394594192505, 9.220975875854492, 70.0, 63513.0, Non-Bite
-2.7921712398529053, 2.0975334644317627, 9.11201286315918, 70.0, 63583.0, Non-Bite
-2.8602731227874756, 2.179255723953247, 9.193735122680664, 70.0, 63653.0, Non-Bite
-2.71044921875, 2.0975334644317627, 9.193735122680664, 70.0, 63723.0, Non-Bite
-2.941995143890381, 2.138394594192505, 9.220975875854492, 72.0, 63794.0, Non-Bite
-2.9011340141296387, 2.179255723953247, 9.071151733398438, 68.0, 63863.0, Non-Bite
-2.982856035232544, 2.179255723953247, 9.152873992919922, 70.0, 63933.0, Non-Bite
-2.941995143890381, 2.138394594192505, 9.261836051940918, 70.0, 64003.0, Non-Bite
-2.9011340141296387, 2.2473573684692383, 9.261836051940918, 70.0, 64073.0, Non-Bite
-2.941995143890381, 2.0294318199157715, 9.220975875854492, 70.0, 64143.0, Non-Bite
-3.023717164993286, 2.0294318199157715, 9.193735122680664, 70.0, 64213.0, Non-Bite
-3.023717164993286, 2.138394594192505, 9.220975875854492, 70.0, 64283.0, Non-Bite
-3.0645782947540283, 2.2473573684692383, 9.030290603637695, 70.0, 64353.0, Non-Bite
-3.023717164993286, 2.179255723953247, 9.071151733398438, 70.0, 64423.0, Non-Bite
-2.982856035232544, 2.138394594192505, 9.071151733398438, 72.0, 64495.0, Non-Bite
-2.982856035232544, 2.138394594192505, 9.193735122680664, 68.0, 64563.0, Non-Bite
-2.941995143890381, 2.179255723953247, 9.11201286315918, 70.0, 64633.0, Non-Bite
-3.0918190479278564, 2.0975334644317627, 8.962188720703125, 70.0, 64703.0, Non-Bite
-3.023717164993286, 2.138394594192505, 9.071151733398438, 70.0, 64773.0, Non-Bite
-3.023717164993286, 2.138394594192505, 9.193735122680664, 70.0, 64843.0, Non-Bite
-2.941995143890381, 2.138394594192505, 9.220975875854492, 70.0, 64913.0, Non-Bite
-2.982856035232544, 2.0566725730895996, 9.152873992919922, 70.0, 64983.0, Non-Bite
-2.982856035232544, 2.22011661529541, 9.11201286315918, 71.0, 65054.0, Non-Bite
-3.023717164993286, 2.22011661529541, 9.193735122680664, 70.0, 65124.0, Non-Bite
-3.0645782947540283, 2.0566725730895996, 8.989429473876953, 69.0, 65193.0, Non-Bite
-3.023717164993286, 2.138394594192505, 9.152873992919922, 70.0, 65263.0, Non-Bite
-3.023717164993286, 2.179255723953247, 9.071151733398438, 70.0, 65333.0, Non-Bite
-3.023717164993286, 2.0566725730895996, 9.11201286315918, 69.0, 65402.0, Non-Bite
-2.982856035232544, 2.2473573684692383, 8.989429473876953, 70.0, 65472.0, Non-Bite
-3.0918190479278564, 2.22011661529541, 9.152873992919922, 70.0, 65542.0, Non-Bite
-2.9011340141296387, 2.22011661529541, 9.030290603637695, 72.0, 65614.0, Non-Bite
-3.023717164993286, 2.138394594192505, 9.071151733398438, 69.0, 65683.0, Non-Bite
-2.982856035232544, 2.2473573684692383, 9.261836051940918, 70.0, 65753.0, Non-Bite
-2.7921712398529053, 1.9885708093643188, 9.071151733398438, 70.0, 65823.0, Non-Bite
-3.0645782947540283, 2.0566725730895996, 9.152873992919922, 70.0, 65893.0, Non-Bite
-2.941995143890381, 2.0566725730895996, 9.220975875854492, 70.0, 65963.0, Non-Bite
-2.9011340141296387, 1.9885708093643188, 9.152873992919922, 70.0, 66033.0, Non-Bite
-3.023717164993286, 2.0975334644317627, 9.11201286315918, 70.0, 66103.0, Non-Bite
-2.982856035232544, 2.0294318199157715, 9.030290603637695, 70.0, 66173.0, Non-Bite
-2.941995143890381, 2.22011661529541, 9.152873992919922, 70.0, 66243.0, Non-Bite
-2.8330323696136475, 2.0294318199157715, 9.071151733398438, 70.0, 66313.0, Non-Bite
-3.1326799392700195, 2.179255723953247, 9.071151733398438, 71.0, 66384.0, Non-Bite
-2.9011340141296387, 2.0566725730895996, 9.071151733398438, 69.0, 66453.0, Non-Bite
-3.023717164993286, 2.0566725730895996, 9.11201286315918, 70.0, 66523.0, Non-Bite
-2.982856035232544, 2.0975334644317627, 9.152873992919922, 71.0, 66594.0, Non-Bite
-2.982856035232544, 2.0975334644317627, 9.220975875854492, 69.0, 66663.0, Non-Bite
-3.023717164993286, 2.179255723953247, 9.152873992919922, 70.0, 66733.0, Non-Bite
-2.8602731227874756, 2.0566725730895996, 9.193735122680664, 70.0, 66803.0, Non-Bite
-2.9011340141296387, 1.906848669052124, 9.11201286315918, 70.0, 66873.0, Non-Bite
-2.982856035232544, 2.22011661529541, 9.193735122680664, 70.0, 66943.0, Non-Bite
-2.9011340141296387, 2.2473573684692383, 9.220975875854492, 70.0, 67013.0, Non-Bite
-3.0918190479278564, 2.0975334644317627, 9.11201286315918, 70.0, 67083.0, Non-Bite
-2.9011340141296387, 2.22011661529541, 9.11201286315918, 70.0, 67153.0, Non-Bite
-2.71044921875, 1.9885708093643188, 9.193735122680664, 70.0, 67223.0, Non-Bite
-2.9011340141296387, 2.0294318199157715, 9.11201286315918, 70.0, 67293.0, Non-Bite
-2.8602731227874756, 1.9885708093643188, 9.261836051940918, 70.0, 67363.0, Non-Bite
-2.9011340141296387, 1.9885708093643188, 9.220975875854492, 70.0, 67433.0, Non-Bite
-2.8330323696136475, 1.9477096796035767, 9.193735122680664, 70.0, 67503.0, Non-Bite
-2.8602731227874756, 2.0566725730895996, 9.193735122680664, 70.0, 67573.0, Non-Bite
-2.941995143890381, 1.9477096796035767, 9.152873992919922, 71.0, 67644.0, Non-Bite
-2.982856035232544, 1.4165161848068237, 9.220975875854492, 71.0, 67715.0, Non-Bite
-2.8602731227874756, 1.7161637544631958, 9.874752044677734, 68.0, 67783.0, Non-Bite
-2.8602731227874756, 2.982856035232544, 8.921327590942383, 70.0, 67853.0, Non-Bite
-2.642347574234009, 1.1849702596664429, 9.220975875854492, 70.0, 67923.0, Non-Bite
-0.9125633239746094, -0.8308411836624146, 10.378705024719238, 70.0, 67993.0, Non-Bite
-1.5663399696350098, -2.2473573684692383, 11.141444206237793, 70.0, 68063.0, Non-Bite
-1.757024884223938, 1.0215260982513428, 9.956474304199219, 70.0, 68133.0, Non-Bite
-2.982856035232544, 3.255263090133667, 7.886181354522705, 70.0, 68203.0, Non-Bite
-2.642347574234009, 3.9771416187286377, 7.995143890380859, 70.0, 68273.0, Non-Bite
-2.3699405193328857, 4.399372100830078, 8.839605331420898, 70.0, 68343.0, Non-Bite
-3.1326799392700195, 5.734166622161865, 9.643206596374512, 70.0, 68413.0, Non-Bite
-2.9011340141296387, 6.319841384887695, 8.158588409423828, 70.0, 68483.0, Non-Bite
-3.0645782947540283, 6.6603498458862305, 7.382228374481201, 70.0, 68553.0, Non-Bite
-2.642347574234009, 6.578628063201904, 6.0882954597473145, 70.0, 68623.0, Non-Bite
-2.7921712398529053, 6.469665050506592, 5.393657684326172, 70.0, 68693.0, Non-Bite
-2.7921712398529053, 6.578628063201904, 5.51624059677124, 70.0, 68763.0, Non-Bite
-3.1735410690307617, 7.1915435791015625, 6.00657320022583, 70.0, 68833.0, Non-Bite
-2.8602731227874756, 7.695496559143066, 7.15068244934082, 71.0, 68904.0, Non-Bite
-2.0294318199157715, 8.539958000183105, 6.742072105407715, 70.0, 68974.0, Non-Bite
-2.22011661529541, 8.839605331420898, 7.314126491546631, 69.0, 69043.0, Non-Bite
-2.3699405193328857, 8.349272727966309, 8.580819129943848, 70.0, 69113.0, Non-Bite
-2.179255723953247, 7.995143890380859, 7.57291316986084, 70.0, 69183.0, Non-Bite
-2.751310348510742, 6.810173988342285, 6.959997653961182, 70.0, 69253.0, Non-Bite
-4.821603298187256, 5.434518814086914, 9.261836051940918, 70.0, 69323.0, Non-Bite
-7.995143890380859, 8.839605331420898, 12.448997497558594, 70.0, 69393.0, Non-Bite
-0.9942854046821594, 6.891895771026611, -2.8602731227874756, 70.0, 69463.0, Non-Bite
-5.625203609466553, -0.871702253818512, -4.2086873054504395, 70.0, 69533.0, Non-Bite
-10.869037628173828, -5.706925868988037, -13.933615684509277, 70.0, 69603.0, Non-Bite
2.138394594192505, 5.243834018707275, -6.047434329986572, 70.0, 69673.0, Non-Bite
6.0882954597473145, 10.41956615447998, 0.217925563454628, 70.0, 69743.0, Non-Bite
3.0645782947540283, 10.21526050567627, -0.0, 70.0, 69813.0, Non-Bite
1.8659876585006714, 5.897610664367676, -0.7627394795417786, 70.0, 69883.0, Non-Bite
-0.953424334526062, 6.42880392074585, 1.757024884223938, 70.0, 69953.0, Non-Bite
-0.6129156351089478, 6.347082138061523, 3.8681788444519043, 70.0, 70023.0, Non-Bite
-4.358511447906494, 6.742072105407715, 5.3119354248046875, 71.0, 70094.0, Non-Bite
-5.35279655456543, 6.238119125366211, 6.742072105407715, 69.0, 70163.0, Non-Bite
-7.695496559143066, 5.666064739227295, 7.082581043243408, 71.0, 70234.0, Non-Bite
-8.839605331420898, 5.434518814086914, 8.117727279663086, 69.0, 70303.0, Non-Bite
-8.798744201660156, 5.51624059677124, 8.185829162597656, 70.0, 70373.0, Non-Bite
-7.736357688903809, 5.0122880935668945, 8.989429473876953, 70.0, 70443.0, Non-Bite
-7.354987621307373, 5.35279655456543, 7.804459095001221, 70.0, 70513.0, Non-Bite
-5.734166622161865, 4.358511447906494, 7.354987621307373, 70.0, 70583.0, Non-Bite
-3.5957717895507813, 3.5957717895507813, 6.578628063201904, 70.0, 70653.0, Non-Bite
-3.6774938106536865, 1.0215260982513428, 7.845320224761963, 70.0, 70723.0, Non-Bite
-3.214401960372925, 0.7627394795417786, 7.804459095001221, 70.0, 70793.0, Non-Bite
-1.7161637544631958, 2.71044921875, 11.863323211669922, 70.0, 70863.0, Non-Bite
-2.0294318199157715, 2.9011340141296387, 8.989429473876953, 70.0, 70933.0, Non-Bite
-2.0294318199157715, 2.2882184982299805, 8.88046646118164, 70.0, 71003.0, Non-Bite
-2.410801649093628, 2.179255723953247, 9.575104713439941, 70.0, 71073.0, Non-Bite
-2.0975334644317627, 2.478903293609619, 8.798744201660156, 70.0, 71143.0, Non-Bite
-2.7921712398529053, 3.8681788444519043, 9.030290603637695, 70.0, 71213.0, Non-Bite
-2.751310348510742, 2.5197644233703613, 10.296982765197754, 70.0, 71283.0, Non-Bite
-3.4459478855133057, -0.7627394795417786, 9.833890914916992, 70.0, 71353.0, Non-Bite
-4.93056583404541, -5.543481349945068, 16.12649154663086, 70.0, 71423.0, Non-Bite
0.6129156351089478, 2.451662540435791, 13.511384963989258, 70.0, 71493.0, Non-Bite
-2.179255723953247, 6.6194891929626465, 11.372990608215332, 70.0, 71563.0, Non-Bite
4.086104393005371, 6.810173988342285, 7.082581043243408, 70.0, 71633.0, Non-Bite
4.4810943603515625, 9.643206596374512, 4.126965522766113, 70.0, 71703.0, Non-Bite
8.962188720703125, 11.713499069213867, 0.4903325140476227, 70.0, 71773.0, Non-Bite
11.413851737976074, 19.191070556640625, -4.44023323059082, 70.0, 71843.0, Non-Bite
0.3813697397708893, 5.706925868988037, 6.156397342681885, 70.0, 71913.0, Non-Bite
3.9362804889678955, -14.778077125549316, 0.19068486988544464, 70.0, 71983.0, Non-Bite
-12.598821640014648, -11.904184341430664, -2.478903293609619, 70.0, 72053.0, Non-Bite
5.202972888946533, 4.86246395111084, 0.9125633239746094, 70.0, 72123.0, Non-Bite
4.44023323059082, 7.1915435791015625, 5.162111759185791, 70.0, 72193.0, Non-Bite
4.93056583404541, 6.197257995605469, 8.608059883117676, 70.0, 72263.0, Non-Bite
2.71044921875, 5.543481349945068, 9.997335433959961, 70.0, 72333.0, Non-Bite
4.018002510070801, 5.094009876251221, 10.678352355957031, 70.0, 72403.0, Non-Bite
2.9011340141296387, 4.358511447906494, 9.72492790222168, 70.0, 72473.0, Non-Bite
-1.0623871088027954, 6.959997653961182, 9.193735122680664, 70.0, 72543.0, Non-Bite
-2.669588088989258, 6.891895771026611, 10.528529167175293, 70.0, 72613.0, Non-Bite
-3.5957717895507813, 5.094009876251221, 10.188019752502441, 70.0, 72683.0, Non-Bite
-4.4810943603515625, 4.249548435211182, 9.60234546661377, 71.0, 72754.0, Non-Bite
-2.7921712398529053, 4.630918025970459, 8.608059883117676, 69.0, 72823.0, Non-Bite
-3.1326799392700195, 3.282503843307495, 9.5342435836792, 70.0, 72893.0, Non-Bite
-1.7161637544631958, 2.2473573684692383, 8.962188720703125, 70.0, 72963.0, Non-Bite
-0.871702253818512, 2.0975334644317627, 8.962188720703125, 70.0, 73033.0, Non-Bite
-0.108962781727314, 3.255263090133667, 8.376513481140137, 70.0, 73103.0, Non-Bite
-0.2587866187095642, 3.7047345638275146, 9.152873992919922, 70.0, 73173.0, Non-Bite
-1.6072009801864624, 3.78645658493042, 9.5342435836792, 70.0, 73243.0, Non-Bite
-2.5197644233703613, 3.514049768447876, 9.152873992919922, 70.0, 73313.0, Non-Bite
-3.5957717895507813, 2.982856035232544, 9.343558311462402, 70.0, 73383.0, Non-Bite
-2.982856035232544, 2.7921712398529053, 9.071151733398438, 70.0, 73453.0, Non-Bite
-2.138394594192505, 3.214401960372925, 8.376513481140137, 70.0, 73523.0, Non-Bite
-3.473188638687134, 3.0645782947540283, 8.989429473876953, 71.0, 73594.0, Non-Bite
-2.642347574234009, 3.0918190479278564, 8.499096870422363, 69.0, 73663.0, Non-Bite
-3.214401960372925, 3.323364734649658, 8.608059883117676, 70.0, 73733.0, Non-Bite
-3.9771416187286377, 3.1735410690307617, 8.921327590942383, 70.0, 73803.0, Non-Bite
-3.6366329193115234, 3.214401960372925, 8.68978214263916, 70.0, 73873.0, Non-Bite
-3.78645658493042, 3.0918190479278564, 8.648921012878418, 70.0, 73943.0, Non-Bite
-3.514049768447876, 2.982856035232544, 8.68978214263916, 71.0, 74014.0, Non-Bite
-3.7047345638275146, 2.941995143890381, 8.539958000183105, 70.0, 74084.0, Non-Bite
-3.7047345638275146, 3.0645782947540283, 8.417374610900879, 69.0, 74153.0, Non-Bite
-3.9362804889678955, 3.0918190479278564, 8.499096870422363, 70.0, 74223.0, Non-Bite
-3.8954193592071533, 3.0645782947540283, 8.458235740661621, 140.0, 74363.0, Non-Bite
-3.8681788444519043, 3.1326799392700195, 8.308412551879883, 70.0, 74433.0, Non-Bite
-3.827317714691162, 2.982856035232544, 8.376513481140137, 70.0, 74503.0, Non-Bite
-3.9362804889678955, 2.982856035232544, 8.458235740661621, 70.0, 74573.0, Non-Bite
-3.9362804889678955, 3.023717164993286, 8.458235740661621, 70.0, 74643.0, Non-Bite
-3.473188638687134, 3.473188638687134, 8.499096870422363, 70.0, 74713.0, Non-Bite
