0.44947147369384766, -0.6129156351089478, 10.106298446655273, 308.0, 308.0, Non-Bite
-0.06810174137353897, 0.7218784093856812, 8.771504402160645, 156.0, 464.0, Non-Bite
-0.6810173988342285, 1.4165161848068237, 9.152873992919922, 8.0, 472.0, Non-Bite
-2.5606253147125244, 1.1849702596664429, 10.188019752502441, 46.0, 518.0, Non-Bite
-0.9942854046821594, 0.6129156351089478, 9.643206596374512, 70.0, 588.0, Non-Bite
-0.6401563286781311, 0.5720546245574951, 8.962188720703125, 70.0, 658.0, Non-Bite
-0.8308411836624146, 0.3813697397708893, 10.106298446655273, 70.0, 728.0, Non-Bite
-0.8036004900932312, 0.29964765906333923, 9.493382453918457, 70.0, 798.0, Non-Bite
-0.6810173988342285, 0.2587866187095642, 9.833890914916992, 71.0, 869.0, Non-Bite
0.0272406954318285, 0.19068486988544464, 9.997335433959961, 69.0, 938.0, Non-Bite
-0.40861043334007263, 0.108962781727314, 9.643206596374512, 70.0, 1008.0, Non-Bite
-0.44947147369384766, 0.108962781727314, 9.806650161743164, 70.0, 1078.0, Non-Bite
-0.3813697397708893, 0.108962781727314, 9.833890914916992, 79.0, 1157.0, Non-Bite
-0.3813697397708893, 0.19068486988544464, 9.684066772460938, 71.0, 1228.0, Non-Bite
-0.29964765906333923, 0.19068486988544464, 9.684066772460938, 70.0, 1298.0, Non-Bite
-0.2587866187095642, 0.108962781727314, 9.765789031982422, 71.0, 1369.0, Non-Bite
-0.217925563454628, -0.0272406954318285, 9.765789031982422, 69.0, 1438.0, Non-Bite
-0.29964765906333923, -0.108962781727314, 9.806650161743164, 70.0, 1508.0, Non-Bite
-0.6810173988342285, 0.108962781727314, 9.60234546661377, 70.0, 1578.0, Non-Bite
-0.6810173988342285, 0.29964765906333923, 9.643206596374512, 70.0, 1648.0, Non-Bite
-0.14982382953166962, -0.14982382953166962, 9.684066772460938, 70.0, 1718.0, Non-Bite
-0.40861043334007263, -0.06810174137353897, 9.915613174438477, 70.0, 1788.0, Non-Bite
-0.5720546245574951, -0.0272406954318285, 9.643206596374512, 70.0, 1858.0, Non-Bite
-0.6129156351089478, 0.19068486988544464, 9.60234546661377, 70.0, 1928.0, Non-Bite
-0.6401563286781311, -0.14982382953166962, 9.72492790222168, 70.0, 1998.0, Non-Bite
-0.7627394795417786, 0.19068486988544464, 9.806650161743164, 70.0, 2068.0, Non-Bite
0.9125633239746094, 0.7218784093856812, 9.874752044677734, 70.0, 2138.0, Non-Bite
-0.14982382953166962, -0.108962781727314, 11.291268348693848, 70.0, 2208.0, Non-Bite
-0.14982382953166962, -1.2939330339431763, 12.748645782470703, 70.0, 2278.0, Non-Bite
-8.036005020141602, 0.217925563454628, 10.869037628173828, 71.0, 2349.0, Non-Bite
-9.493382453918457, 1.334794044494629, 8.962188720703125, 69.0, 2418.0, Non-Bite
-10.188019752502441, 4.2086873054504395, 4.126965522766113, 70.0, 2488.0, Non-Bite
-5.121250629425049, 4.399372100830078, 6.238119125366211, 70.0, 2558.0, Non-Bite
-3.3642258644104004, 6.156397342681885, 3.3642258644104004, 70.0, 2628.0, Non-Bite
1.7161637544631958, 5.35279655456543, 3.5957717895507813, 70.0, 2698.0, Non-Bite
3.78645658493042, 4.018002510070801, 2.751310348510742, 70.0, 2768.0, Non-Bite
4.671779155731201, 3.514049768447876, 2.669588088989258, 70.0, 2838.0, Non-Bite
6.319841384887695, 3.6366329193115234, 1.906848669052124, 70.0, 2908.0, Non-Bite
7.232404708862305, 3.745595693588257, 2.6014864444732666, 70.0, 2978.0, Non-Bite
9.384419441223145, 2.8602731227874756, 4.167826175689697, 71.0, 3049.0, Non-Bite
5.625203609466553, 3.9362804889678955, 0.0272406954318285, 70.0, 3119.0, Non-Bite
9.11201286315918, 3.9362804889678955, 1.2258312702178955, 69.0, 3188.0, Non-Bite
9.11201286315918, 4.4810943603515625, 0.06810174137353897, 70.0, 3258.0, Non-Bite
9.833890914916992, 9.193735122680664, 0.6401563286781311, 70.0, 3328.0, Non-Bite
11.604536056518555, 10.828176498413086, 1.8387469053268433, 70.0, 3398.0, Non-Bite
8.921327590942383, 10.296982765197754, -0.6129156351089478, 70.0, 3468.0, Non-Bite
4.086104393005371, 6.959997653961182, 1.375655174255371, 70.0, 3538.0, Non-Bite
3.6774938106536865, 6.156397342681885, 1.7978858947753906, 71.0, 3609.0, Non-Bite
2.3290793895721436, 3.323364734649658, 2.478903293609619, 69.0, 3678.0, Non-Bite
4.290409564971924, 4.249548435211182, 2.3290793895721436, 70.0, 3748.0, Non-Bite
10.800935745239258, 5.434518814086914, 2.2882184982299805, 70.0, 3818.0, Non-Bite
10.024576187133789, 8.771504402160645, -0.108962781727314, 70.0, 3888.0, Non-Bite
8.730643272399902, 9.193735122680664, -1.103248119354248, 71.0, 3959.0, Non-Bite
5.3119354248046875, 8.417374610900879, 0.5720546245574951, 70.0, 4029.0, Non-Bite
2.6014864444732666, 7.545672416687012, 1.7161637544631958, 70.0, 4099.0, Non-Bite
-1.1441092491149902, 4.86246395111084, 4.317650318145752, 70.0, 4169.0, Non-Bite
-1.4437568187713623, 3.6774938106536865, 6.156397342681885, 70.0, 4239.0, Non-Bite
-1.8659876585006714, 3.6366329193115234, 8.648921012878418, 69.0, 4308.0, Non-Bite
-0.29964765906333923, 3.282503843307495, 8.076866149902344, 71.0, 4379.0, Non-Bite
1.1441092491149902, 2.22011661529541, 8.608059883117676, 70.0, 4449.0, Non-Bite
0.8308411836624146, 1.1849702596664429, 7.4639506340026855, 70.0, 4519.0, Non-Bite
7.995143890380859, -0.108962781727314, 8.771504402160645, 69.0, 4588.0, Non-Bite
2.179255723953247, -0.34050869941711426, 10.065437316894531, 71.0, 4659.0, Non-Bite
1.4437568187713623, 0.44947147369384766, 10.337843894958496, 70.0, 4729.0, Non-Bite
-0.0, 2.3699405193328857, 9.030290603637695, 69.0, 4798.0, Non-Bite
-4.290409564971924, 2.5606253147125244, 9.874752044677734, 71.0, 4869.0, Non-Bite
-4.508335113525391, 3.473188638687134, 8.921327590942383, 69.0, 4938.0, Non-Bite
-4.018002510070801, 2.7921712398529053, 9.030290603637695, 71.0, 5009.0, Non-Bite
-4.93056583404541, 0.8036004900932312, 8.349272727966309, 70.0, 5079.0, Non-Bite
-6.469665050506592, -0.8308411836624146, 9.411660194396973, 70.0, 5149.0, Non-Bite
-5.0122880935668945, 0.217925563454628, 9.071151733398438, 69.0, 5218.0, Non-Bite
-4.699019908905029, 0.44947147369384766, 8.839605331420898, 70.0, 5288.0, Non-Bite
-3.323364734649658, -0.14982382953166962, 9.343558311462402, 70.0, 5358.0, Non-Bite
-3.214401960372925, -1.1849702596664429, 10.024576187133789, 221.0, 5579.0, Non-Bite
-0.6401563286781311, -1.4437568187713623, 9.030290603637695, 7.0, 5586.0, Non-Bite
-3.255263090133667, -1.4437568187713623, 8.921327590942383, 2.0, 5588.0, Non-Bite
-2.451662540435791, -0.8308411836624146, 9.765789031982422, 51.0, 5639.0, Non-Bite
-3.282503843307495, -0.953424334526062, 9.833890914916992, 70.0, 5709.0, Non-Bite
-4.167826175689697, -0.3813697397708893, 8.989429473876953, 70.0, 5778.0, Non-Bite
-1.9477096796035767, -0.40861043334007263, 9.384419441223145, 69.0, 5848.0, Non-Bite
-1.6753027439117432, -0.0272406954318285, 7.423089504241943, 71.0, 5919.0, Non-Bite
-0.19068486988544464, -2.642347574234009, 13.170876502990723, 70.0, 5989.0, Non-Bite
-3.9771416187286377, 0.9942854046821594, 9.874752044677734, 70.0, 6059.0, Non-Bite
-3.3642258644104004, 0.0, 9.30269718170166, 70.0, 6129.0, Non-Bite
-3.514049768447876, -0.3813697397708893, 9.030290603637695, 70.0, 6199.0, Non-Bite
-3.0918190479278564, -0.4903325140476227, 9.411660194396973, 69.0, 6268.0, Non-Bite
-3.78645658493042, -0.217925563454628, 8.921327590942383, 70.0, 6338.0, Non-Bite
-3.5957717895507813, -0.44947147369384766, 9.384419441223145, 71.0, 6409.0, Non-Bite
-3.023717164993286, -0.5720546245574951, 9.384419441223145, 70.0, 6479.0, Non-Bite
-2.669588088989258, -0.40861043334007263, 9.30269718170166, 70.0, 6549.0, Non-Bite
-2.5606253147125244, -0.3813697397708893, 9.493382453918457, 70.0, 6619.0, Non-Bite
-2.138394594192505, -0.40861043334007263, 9.575104713439941, 70.0, 6689.0, Non-Bite
-2.2882184982299805, -0.44947147369384766, 9.60234546661377, 70.0, 6759.0, Non-Bite
-2.179255723953247, -0.3813697397708893, 9.575104713439941, 70.0, 6829.0, Non-Bite
-2.0294318199157715, -0.5311935544013977, 9.384419441223145, 70.0, 6899.0, Non-Bite
-1.8659876585006714, -0.5311935544013977, 9.575104713439941, 70.0, 6969.0, Non-Bite
-1.2939330339431763, -0.5311935544013977, 9.806650161743164, 70.0, 7039.0, Non-Bite
-1.0623871088027954, -0.6810173988342285, 9.684066772460938, 70.0, 7109.0, Non-Bite
-1.334794044494629, -0.7627394795417786, 9.72492790222168, 70.0, 7179.0, Non-Bite
-1.2530720233917236, -0.6810173988342285, 9.684066772460938, 69.0, 7248.0, Non-Bite
-1.1849702596664429, -0.5720546245574951, 9.643206596374512, 70.0, 7319.0, Non-Bite
-1.4846179485321045, -0.5720546245574951, 9.684066772460938, 70.0, 7389.0, Non-Bite
-1.6072009801864624, -0.5720546245574951, 9.60234546661377, 70.0, 7459.0, Non-Bite
-1.4437568187713623, -0.6401563286781311, 9.72492790222168, 70.0, 7529.0, Non-Bite
-1.2939330339431763, -0.5720546245574951, 9.643206596374512, 70.0, 7599.0, Non-Bite
-1.4165161848068237, -0.6129156351089478, 9.60234546661377, 70.0, 7669.0, Non-Bite
-1.2530720233917236, -0.5311935544013977, 9.765789031982422, 70.0, 7739.0, Non-Bite
-1.4437568187713623, -0.8036004900932312, 9.5342435836792, 69.0, 7808.0, Non-Bite
-0.9125633239746094, -0.5311935544013977, 9.684066772460938, 70.0, 7879.0, Non-Bite
-0.44947147369384766, -0.5720546245574951, 9.806650161743164, 70.0, 7949.0, Non-Bite
-0.6401563286781311, -0.6810173988342285, 9.684066772460938, 69.0, 8018.0, Non-Bite
-0.29964765906333923, -0.6129156351089478, 9.765789031982422, 70.0, 8088.0, Non-Bite
-0.5311935544013977, -0.5720546245574951, 9.765789031982422, 70.0, 8158.0, Non-Bite
-0.2587866187095642, -0.6129156351089478, 9.806650161743164, 71.0, 8229.0, Non-Bite
0.8036004900932312, -0.34050869941711426, 9.30269718170166, 70.0, 8299.0, Non-Bite
0.6129156351089478, -0.6401563286781311, 9.30269718170166, 71.0, 8370.0, Non-Bite
-0.3813697397708893, -0.6401563286781311, 9.765789031982422, 69.0, 8439.0, Non-Bite
-0.3813697397708893, -0.6810173988342285, 9.765789031982422, 70.0, 8509.0, Non-Bite
-0.5311935544013977, -0.6810173988342285, 9.72492790222168, 70.0, 8578.0, Non-Bite
-0.5311935544013977, -0.6810173988342285, 9.60234546661377, 70.0, 8649.0, Non-Bite
-0.6129156351089478, -0.44947147369384766, 9.575104713439941, 70.0, 8719.0, Non-Bite
-0.6401563286781311, -0.44947147369384766, 9.806650161743164, 70.0, 8789.0, Non-Bite
-0.6401563286781311, -0.6129156351089478, 9.806650161743164, 70.0, 8859.0, Non-Bite
-0.6401563286781311, -0.6810173988342285, 9.684066772460938, 69.0, 8928.0, Non-Bite
-0.2587866187095642, -0.2587866187095642, 9.833890914916992, 70.0, 8999.0, Non-Bite
-0.9125633239746094, -0.6129156351089478, 9.765789031982422, 70.0, 9069.0, Non-Bite
-0.871702253818512, -0.5720546245574951, 9.684066772460938, 70.0, 9139.0, Non-Bite
-0.6401563286781311, -0.6129156351089478, 9.833890914916992, 70.0, 9209.0, Non-Bite
-0.7218784093856812, -0.5311935544013977, 9.806650161743164, 69.0, 9278.0, Non-Bite
-0.7627394795417786, -0.5311935544013977, 9.72492790222168, 71.0, 9348.0, Non-Bite
-0.9125633239746094, -0.5720546245574951, 9.643206596374512, 70.0, 9419.0, Non-Bite
-0.9942854046821594, -0.5311935544013977, 9.643206596374512, 139.0, 9558.0, Non-Bite
-0.8308411836624146, -0.5720546245574951, 9.684066772460938, 71.0, 9629.0, Non-Bite
-0.871702253818512, -0.5311935544013977, 9.684066772460938, 70.0, 9699.0, Non-Bite
-0.9125633239746094, -0.5311935544013977, 9.765789031982422, 70.0, 9769.0, Non-Bite
-0.8308411836624146, -0.5311935544013977, 9.684066772460938, 69.0, 9838.0, Non-Bite
-1.2939330339431763, -0.5311935544013977, 9.575104713439941, 70.0, 9908.0, Non-Bite
-1.2530720233917236, -0.5720546245574951, 9.72492790222168, 71.0, 9979.0, Non-Bite
-1.103248119354248, -0.6129156351089478, 9.765789031982422, 70.0, 10049.0, Non-Bite
-1.2530720233917236, -0.6129156351089478, 9.684066772460938, 70.0, 10119.0, Non-Bite
-1.1441092491149902, -0.4903325140476227, 9.684066772460938, 70.0, 10189.0, Non-Bite
-1.2258312702178955, -0.44947147369384766, 9.72492790222168, 70.0, 10259.0, Non-Bite
-1.2939330339431763, -0.5311935544013977, 9.72492790222168, 69.0, 10328.0, Non-Bite
-1.1441092491149902, -0.44947147369384766, 9.684066772460938, 71.0, 10399.0, Non-Bite
-1.0215260982513428, -0.5720546245574951, 9.765789031982422, 69.0, 10468.0, Non-Bite
-1.103248119354248, -0.6129156351089478, 9.72492790222168, 71.0, 10539.0, Non-Bite
-1.103248119354248, -0.5311935544013977, 9.72492790222168, 70.0, 10609.0, Non-Bite
-1.1441092491149902, -0.6401563286781311, 9.72492790222168, 70.0, 10679.0, Non-Bite
-1.0623871088027954, -0.6401563286781311, 9.72492790222168, 69.0, 10748.0, Non-Bite
-1.1441092491149902, -0.5311935544013977, 9.72492790222168, 69.0, 10818.0, Non-Bite
-0.9125633239746094, -0.5311935544013977, 9.684066772460938, 71.0, 10889.0, Non-Bite
-1.0215260982513428, -0.5720546245574951, 9.684066772460938, 70.0, 10959.0, Non-Bite
-1.1441092491149902, -0.5311935544013977, 9.643206596374512, 70.0, 11029.0, Non-Bite
-1.0623871088027954, -0.4903325140476227, 9.684066772460938, 70.0, 11099.0, Non-Bite
-1.1441092491149902, -0.5311935544013977, 9.643206596374512, 70.0, 11169.0, Non-Bite
-0.9125633239746094, -0.6129156351089478, 9.72492790222168, 70.0, 11239.0, Non-Bite
-1.1441092491149902, -0.5311935544013977, 9.765789031982422, 69.0, 11308.0, Non-Bite
-1.0623871088027954, -0.6401563286781311, 9.765789031982422, 71.0, 11379.0, Non-Bite
-1.0623871088027954, -0.44947147369384766, 9.684066772460938, 70.0, 11448.0, Non-Bite
-0.9125633239746094, -0.4903325140476227, 9.765789031982422, 70.0, 11519.0, Non-Bite
-0.953424334526062, -0.4903325140476227, 9.684066772460938, 69.0, 11588.0, Non-Bite
-0.953424334526062, -0.6129156351089478, 9.72492790222168, 71.0, 11659.0, Non-Bite
-1.0623871088027954, -0.5720546245574951, 9.765789031982422, 70.0, 11729.0, Non-Bite
-0.953424334526062, -0.6129156351089478, 9.684066772460938, 70.0, 11798.0, Non-Bite
-0.9125633239746094, -0.6129156351089478, 9.684066772460938, 70.0, 11869.0, Non-Bite
-1.0215260982513428, -0.5311935544013977, 9.806650161743164, 70.0, 11939.0, Non-Bite
-0.953424334526062, -0.5720546245574951, 9.765789031982422, 69.0, 12008.0, Non-Bite
-0.0272406954318285, -0.6401563286781311, 10.337843894958496, 71.0, 12079.0, Non-Bite
-3.1735410690307617, -2.3290793895721436, 10.678352355957031, 70.0, 12149.0, Non-Bite
-7.423089504241943, -1.6344417333602905, 9.915613174438477, 70.0, 12219.0, Non-Bite
-6.578628063201904, 1.8659876585006714, 8.580819129943848, 70.0, 12289.0, Non-Bite
-5.475379943847656, 4.358511447906494, 7.000858783721924, 70.0, 12359.0, Non-Bite
-3.473188638687134, 5.475379943847656, 5.706925868988037, 70.0, 12429.0, Non-Bite
-1.6753027439117432, 6.537766933441162, 3.8681788444519043, 70.0, 12499.0, Non-Bite
3.282503843307495, 6.00657320022583, 3.282503843307495, 70.0, 12569.0, Non-Bite
6.319841384887695, 7.1915435791015625, 3.745595693588257, 69.0, 12638.0, Non-Bite
4.903325080871582, 7.613774299621582, 4.903325080871582, 71.0, 12709.0, Non-Bite
3.514049768447876, 6.810173988342285, 4.2086873054504395, 70.0, 12778.0, Non-Bite
2.71044921875, 6.701210975646973, 5.3119354248046875, 70.0, 12849.0, Non-Bite
2.179255723953247, 7.995143890380859, 5.475379943847656, 70.0, 12919.0, Non-Bite
2.8330323696136475, 8.117727279663086, 5.5843424797058105, 70.0, 12989.0, Non-Bite
2.451662540435791, 7.504811763763428, 4.971426963806152, 69.0, 13058.0, Non-Bite
3.554910659790039, 6.891895771026611, 4.549196243286133, 71.0, 13129.0, Non-Bite
3.1735410690307617, 6.6603498458862305, 5.393657684326172, 70.0, 13199.0, Non-Bite
3.3642258644104004, 6.6194891929626465, 4.86246395111084, 69.0, 13268.0, Non-Bite
4.058863639831543, 7.354987621307373, 5.965712070465088, 71.0, 13339.0, Non-Bite
2.8602731227874756, 6.891895771026611, 6.238119125366211, 70.0, 13409.0, Non-Bite
2.941995143890381, 7.123441696166992, 5.5843424797058105, 70.0, 13479.0, Non-Bite
2.751310348510742, 7.000858783721924, 4.44023323059082, 70.0, 13549.0, Non-Bite
2.941995143890381, 6.156397342681885, 5.0122880935668945, 70.0, 13619.0, Non-Bite
2.8330323696136475, 4.671779155731201, 7.354987621307373, 70.0, 13689.0, Non-Bite
0.6401563286781311, 4.780742168426514, 6.156397342681885, 69.0, 13758.0, Non-Bite
-1.0215260982513428, 3.3642258644104004, 8.648921012878418, 71.0, 13829.0, Non-Bite
-1.5663399696350098, 1.0623871088027954, 9.765789031982422, 70.0, 13899.0, Non-Bite
-2.8602731227874756, -1.8387469053268433, 9.643206596374512, 70.0, 13969.0, Non-Bite
-5.706925868988037, -5.0122880935668945, 19.872087478637695, 70.0, 14039.0, Non-Bite
-0.40861043334007263, -1.5663399696350098, 9.833890914916992, 70.0, 14109.0, Non-Bite
-1.375655174255371, 0.0, 10.024576187133789, 70.0, 14179.0, Non-Bite
-0.8308411836624146, -0.8036004900932312, 9.643206596374512, 70.0, 14248.0, Non-Bite
0.4903325140476227, -1.103248119354248, 10.024576187133789, 69.0, 14318.0, Non-Bite
0.108962781727314, -0.8036004900932312, 9.72492790222168, 70.0, 14388.0, Non-Bite
-0.217925563454628, -0.8036004900932312, 9.643206596374512, 70.0, 14458.0, Non-Bite
0.14982382953166962, -1.0215260982513428, 9.60234546661377, 71.0, 14529.0, Non-Bite
-0.06810174137353897, -0.871702253818512, 9.765789031982422, 70.0, 14599.0, Non-Bite
0.14982382953166962, -0.871702253818512, 9.684066772460938, 70.0, 14669.0, Non-Bite
-4.290409564971924, -1.1441092491149902, 10.024576187133789, 69.0, 14738.0, Non-Bite
0.6401563286781311, -1.0623871088027954, 9.765789031982422, 70.0, 14808.0, Non-Bite
-1.1441092491149902, -0.871702253818512, 9.493382453918457, 71.0, 14879.0, Non-Bite
-1.0215260982513428, -0.7218784093856812, 9.493382453918457, 69.0, 14948.0, Non-Bite
-1.2530720233917236, -0.7218784093856812, 9.643206596374512, 71.0, 15019.0, Non-Bite
-0.7627394795417786, -0.6810173988342285, 10.065437316894531, 70.0, 15089.0, Non-Bite
-1.0623871088027954, -1.1441092491149902, 9.643206596374512, 70.0, 15159.0, Non-Bite
-1.2939330339431763, -0.34050869941711426, 9.384419441223145, 70.0, 15229.0, Non-Bite
-1.2530720233917236, -0.6401563286781311, 9.643206596374512, 70.0, 15298.0, Non-Bite
-1.2939330339431763, -0.6810173988342285, 9.60234546661377, 70.0, 15369.0, Non-Bite
-1.1441092491149902, -0.6810173988342285, 9.765789031982422, 70.0, 15439.0, Non-Bite
-1.2939330339431763, -0.6810173988342285, 9.575104713439941, 70.0, 15509.0, Non-Bite
-1.2258312702178955, -0.6401563286781311, 9.684066772460938, 69.0, 15578.0, Non-Bite
-1.1441092491149902, -0.7627394795417786, 9.72492790222168, 71.0, 15649.0, Non-Bite
-1.103248119354248, -0.8036004900932312, 9.72492790222168, 70.0, 15719.0, Non-Bite
-1.0623871088027954, -0.7627394795417786, 9.72492790222168, 70.0, 15789.0, Non-Bite
-1.2258312702178955, -0.6810173988342285, 9.684066772460938, 70.0, 15859.0, Non-Bite
-1.334794044494629, -0.6401563286781311, 9.765789031982422, 70.0, 15929.0, Non-Bite
-1.2258312702178955, -0.6810173988342285, 9.643206596374512, 70.0, 15999.0, Non-Bite
-1.0623871088027954, -0.7627394795417786, 9.72492790222168, 70.0, 16069.0, Non-Bite
-1.1849702596664429, -0.7627394795417786, 9.684066772460938, 70.0, 16139.0, Non-Bite
-1.2258312702178955, -0.7218784093856812, 9.72492790222168, 70.0, 16209.0, Non-Bite
-1.2939330339431763, -0.6810173988342285, 9.643206596374512, 69.0, 16278.0, Non-Bite
-1.0623871088027954, -0.7218784093856812, 9.765789031982422, 71.0, 16349.0, Non-Bite
-1.1849702596664429, -0.6401563286781311, 9.72492790222168, 70.0, 16419.0, Non-Bite
-1.1441092491149902, -0.6401563286781311, 9.643206596374512, 70.0, 16489.0, Non-Bite
-1.375655174255371, -0.5720546245574951, 9.60234546661377, 70.0, 16559.0, Non-Bite
-1.1441092491149902, -0.6401563286781311, 9.684066772460938, 70.0, 16629.0, Non-Bite
-1.2258312702178955, -0.6810173988342285, 9.684066772460938, 70.0, 16699.0, Non-Bite
-1.2530720233917236, -0.6129156351089478, 9.643206596374512, 70.0, 16769.0, Non-Bite
-1.334794044494629, -0.5720546245574951, 9.72492790222168, 71.0, 16840.0, Non-Bite
-1.334794044494629, -0.7627394795417786, 9.72492790222168, 68.0, 16908.0, Non-Bite
-1.2530720233917236, -0.5311935544013977, 9.643206596374512, 71.0, 16979.0, Non-Bite
-1.375655174255371, -0.6129156351089478, 9.643206596374512, 69.0, 17048.0, Non-Bite
-1.334794044494629, -0.6129156351089478, 9.765789031982422, 71.0, 17119.0, Non-Bite
-1.334794044494629, -0.7218784093856812, 9.765789031982422, 70.0, 17188.0, Non-Bite
-1.2530720233917236, -0.6129156351089478, 9.72492790222168, 70.0, 17259.0, Non-Bite
-1.334794044494629, -0.6401563286781311, 9.684066772460938, 70.0, 17329.0, Non-Bite
-1.4437568187713623, -0.6401563286781311, 9.60234546661377, 70.0, 17399.0, Non-Bite
-1.334794044494629, -0.6129156351089478, 9.643206596374512, 70.0, 17469.0, Non-Bite
-1.4165161848068237, -0.6810173988342285, 9.684066772460938, 70.0, 17539.0, Non-Bite
-1.2939330339431763, -0.5311935544013977, 9.684066772460938, 70.0, 17609.0, Non-Bite
-1.375655174255371, -0.7218784093856812, 9.643206596374512, 70.0, 17679.0, Non-Bite
-1.4437568187713623, -0.6401563286781311, 9.643206596374512, 70.0, 17749.0, Non-Bite
-1.4165161848068237, -0.6129156351089478, 9.643206596374512, 69.0, 17818.0, Non-Bite
-1.334794044494629, -0.6810173988342285, 9.72492790222168, 71.0, 17889.0, Non-Bite
-1.2939330339431763, -0.6810173988342285, 9.72492790222168, 70.0, 17959.0, Non-Bite
-1.334794044494629, -0.6401563286781311, 9.684066772460938, 70.0, 18029.0, Non-Bite
-1.2939330339431763, -0.6129156351089478, 9.684066772460938, 70.0, 18099.0, Non-Bite
-1.375655174255371, -0.6810173988342285, 9.60234546661377, 70.0, 18169.0, Non-Bite
-1.334794044494629, -0.6129156351089478, 9.684066772460938, 70.0, 18239.0, Non-Bite
-1.4437568187713623, -0.5720546245574951, 9.60234546661377, 70.0, 18308.0, Non-Bite
-1.4846179485321045, -0.6810173988342285, 9.684066772460938, 70.0, 18379.0, Non-Bite
-1.4165161848068237, -0.6401563286781311, 9.643206596374512, 69.0, 18448.0, Non-Bite
-1.375655174255371, -0.6401563286781311, 9.72492790222168, 71.0, 18519.0, Non-Bite
-1.334794044494629, -0.6401563286781311, 9.684066772460938, 70.0, 18589.0, Non-Bite
-1.4437568187713623, -0.6129156351089478, 9.643206596374512, 70.0, 18659.0, Non-Bite
-1.4846179485321045, -0.6129156351089478, 9.643206596374512, 70.0, 18729.0, Non-Bite
-1.4437568187713623, -0.6810173988342285, 9.643206596374512, 70.0, 18799.0, Non-Bite
-1.4165161848068237, -0.6129156351089478, 9.643206596374512, 69.0, 18868.0, Non-Bite
-1.2939330339431763, -0.7627394795417786, 9.684066772460938, 71.0, 18938.0, Non-Bite
-1.334794044494629, -0.5720546245574951, 9.575104713439941, 70.0, 19009.0, Non-Bite
-1.4165161848068237, -0.5720546245574951, 9.643206596374512, 70.0, 19079.0, Non-Bite
-1.4165161848068237, -0.6129156351089478, 9.60234546661377, 70.0, 19149.0, Non-Bite
-1.375655174255371, -0.6401563286781311, 9.60234546661377, 70.0, 19219.0, Non-Bite
-1.4846179485321045, -0.6810173988342285, 9.643206596374512, 69.0, 19288.0, Non-Bite
-1.4846179485321045, -0.6401563286781311, 9.60234546661377, 71.0, 19359.0, Non-Bite
-1.334794044494629, -0.6810173988342285, 9.72492790222168, 70.0, 19429.0, Non-Bite
-1.4437568187713623, -0.7218784093856812, 9.684066772460938, 70.0, 19499.0, Non-Bite
-1.375655174255371, -0.4903325140476227, 9.72492790222168, 70.0, 19569.0, Non-Bite
-1.375655174255371, -0.6401563286781311, 9.643206596374512, 70.0, 19639.0, Non-Bite
-1.4165161848068237, -0.5720546245574951, 9.72492790222168, 70.0, 19709.0, Non-Bite
-1.4846179485321045, -0.5311935544013977, 9.60234546661377, 69.0, 19778.0, Non-Bite
-1.2939330339431763, -0.6129156351089478, 9.684066772460938, 70.0, 19849.0, Non-Bite
-1.4846179485321045, -0.6810173988342285, 9.643206596374512, 70.0, 19918.0, Non-Bite
-1.4846179485321045, -0.5311935544013977, 9.643206596374512, 70.0, 19989.0, Non-Bite
-1.375655174255371, -0.5311935544013977, 9.72492790222168, 70.0, 20059.0, Non-Bite
-1.2939330339431763, -0.6129156351089478, 9.643206596374512, 70.0, 20129.0, Non-Bite
-1.375655174255371, -0.5720546245574951, 9.684066772460938, 70.0, 20199.0, Non-Bite
-1.7161637544631958, -0.5720546245574951, 9.575104713439941, 70.0, 20268.0, Non-Bite
-1.4165161848068237, -0.6810173988342285, 9.643206596374512, 69.0, 20338.0, Non-Bite
-1.6072009801864624, -0.5720546245574951, 9.765789031982422, 70.0, 20408.0, Non-Bite
-1.4846179485321045, -0.7627394795417786, 9.684066772460938, 70.0, 20479.0, Non-Bite
-1.5254789590835571, -0.6129156351089478, 9.684066772460938, 70.0, 20549.0, Non-Bite
-1.375655174255371, -0.6129156351089478, 9.684066772460938, 70.0, 20619.0, Non-Bite
-1.5254789590835571, -0.5311935544013977, 9.643206596374512, 70.0, 20689.0, Non-Bite
-1.6072009801864624, -0.5311935544013977, 9.60234546661377, 69.0, 20758.0, Non-Bite
-1.4437568187713623, -0.6401563286781311, 9.72492790222168, 71.0, 20829.0, Non-Bite
-1.5254789590835571, -0.6401563286781311, 9.765789031982422, 69.0, 20898.0, Non-Bite
-1.375655174255371, -0.6129156351089478, 9.765789031982422, 71.0, 20969.0, Non-Bite
-1.2939330339431763, -1.0623871088027954, 10.1471586227417, 70.0, 21039.0, Non-Bite
-2.642347574234009, -0.5720546245574951, 9.452521324157715, 70.0, 21109.0, Non-Bite
-5.3119354248046875, -0.06810174137353897, 9.071151733398438, 70.0, 21179.0, Non-Bite
-5.35279655456543, 0.4903325140476227, 8.989429473876953, 70.0, 21249.0, Non-Bite
-6.578628063201904, 1.1441092491149902, 7.695496559143066, 69.0, 21318.0, Non-Bite
-7.695496559143066, 4.671779155731201, 5.35279655456543, 70.0, 21389.0, Non-Bite
-7.613774299621582, 6.469665050506592, 3.9771416187286377, 70.0, 21459.0, Non-Bite
-4.7398810386657715, 7.7635979652404785, 4.44023323059082, 70.0, 21528.0, Non-Bite
-1.4165161848068237, 7.736357688903809, 5.0122880935668945, 69.0, 21598.0, Non-Bite
-0.6129156351089478, 7.695496559143066, 5.053149223327637, 71.0, 21669.0, Non-Bite
1.9477096796035767, 6.9327569007873535, 4.549196243286133, 70.0, 21739.0, Non-Bite
1.375655174255371, 6.347082138061523, 5.35279655456543, 69.0, 21808.0, Non-Bite
-1.6753027439117432, 8.036005020141602, 4.2086873054504395, 71.0, 21879.0, Non-Bite
0.108962781727314, 7.736357688903809, 5.625203609466553, 70.0, 21949.0, Non-Bite
-0.3813697397708893, 7.654635429382324, 4.780742168426514, 70.0, 22019.0, Non-Bite
-1.375655174255371, 7.273265838623047, 5.202972888946533, 69.0, 22088.0, Non-Bite
0.953424334526062, 7.9679036140441895, 5.543481349945068, 71.0, 22159.0, Non-Bite
1.2530720233917236, 7.886181354522705, 4.86246395111084, 70.0, 22229.0, Non-Bite
1.4165161848068237, 8.88046646118164, 5.625203609466553, 69.0, 22298.0, Non-Bite
1.8659876585006714, 8.417374610900879, 4.4810943603515625, 71.0, 22369.0, Non-Bite
-0.06810174137353897, 7.995143890380859, 5.5843424797058105, 70.0, 22439.0, Non-Bite
-0.0272406954318285, 7.4639506340026855, 5.202972888946533, 70.0, 22509.0, Non-Bite
-0.14982382953166962, 6.9327569007873535, 4.018002510070801, 69.0, 22578.0, Non-Bite
-0.108962781727314, 7.232404708862305, 5.475379943847656, 71.0, 22649.0, Non-Bite
2.451662540435791, 6.851035118103027, 5.5843424797058105, 70.0, 22719.0, Non-Bite
1.2530720233917236, 6.891895771026611, 6.6603498458862305, 70.0, 22789.0, Non-Bite
2.0975334644317627, 8.349272727966309, 5.475379943847656, 70.0, 22859.0, Non-Bite
1.6072009801864624, 7.314126491546631, 5.51624059677124, 70.0, 22929.0, Non-Bite
0.40861043334007263, 7.654635429382324, 4.903325080871582, 69.0, 22998.0, Non-Bite
0.2587866187095642, 6.959997653961182, 5.5843424797058105, 71.0, 23069.0, Non-Bite
-0.7627394795417786, 6.6194891929626465, 6.278980255126953, 70.0, 23139.0, Non-Bite
-2.5606253147125244, 5.202972888946533, 7.613774299621582, 70.0, 23209.0, Non-Bite
-4.058863639831543, 3.6774938106536865, 7.9679036140441895, 69.0, 23278.0, Non-Bite
-4.249548435211182, 1.2258312702178955, 8.962188720703125, 71.0, 23349.0, Non-Bite
-3.0645782947540283, -0.7218784093856812, 9.575104713439941, 70.0, 23419.0, Non-Bite
-2.179255723953247, -1.7161637544631958, 8.376513481140137, 70.0, 23489.0, Non-Bite
-9.5342435836792, -4.2086873054504395, 15.390993118286133, 70.0, 23559.0, Non-Bite
-3.9771416187286377, -1.8387469053268433, 8.88046646118164, 70.0, 23629.0, Non-Bite
-2.0566725730895996, -0.3813697397708893, 9.452521324157715, 70.0, 23699.0, Non-Bite
-2.642347574234009, -0.5720546245574951, 9.384419441223145, 69.0, 23768.0, Non-Bite
-1.8387469053268433, -0.8308411836624146, 9.684066772460938, 70.0, 23838.0, Non-Bite
-1.9477096796035767, -0.5720546245574951, 9.5342435836792, 71.0, 23909.0, Non-Bite
-1.2258312702178955, -0.8036004900932312, 9.5342435836792, 70.0, 23979.0, Non-Bite
-1.0623871088027954, -0.871702253818512, 9.765789031982422, 70.0, 24049.0, Non-Bite
-0.871702253818512, -0.7627394795417786, 9.765789031982422, 70.0, 24119.0, Non-Bite
-0.7218784093856812, -0.5311935544013977, 9.765789031982422, 70.0, 24189.0, Non-Bite
-0.0, -0.7218784093856812, 9.833890914916992, 70.0, 24258.0, Non-Bite
0.19068486988544464, -0.8036004900932312, 9.765789031982422, 69.0, 24328.0, Non-Bite
-2.669588088989258, -0.5311935544013977, 9.915613174438477, 74.0, 24402.0, Non-Bite
-0.19068486988544464, -1.334794044494629, 9.643206596374512, 66.0, 24468.0, Non-Bite
-0.5311935544013977, -0.8036004900932312, 9.684066772460938, 71.0, 24539.0, Non-Bite
-0.871702253818512, -0.6129156351089478, 9.72492790222168, 69.0, 24608.0, Non-Bite
-1.2939330339431763, -0.6401563286781311, 9.684066772460938, 71.0, 24679.0, Non-Bite
-1.334794044494629, -0.4903325140476227, 9.5342435836792, 70.0, 24749.0, Non-Bite
-1.2939330339431763, -0.4903325140476227, 9.806650161743164, 70.0, 24819.0, Non-Bite
-1.5254789590835571, -0.6401563286781311, 9.643206596374512, 70.0, 24889.0, Non-Bite
-1.6344417333602905, -0.4903325140476227, 9.60234546661377, 70.0, 24959.0, Non-Bite
-1.6344417333602905, -0.5311935544013977, 9.5342435836792, 70.0, 25029.0, Non-Bite
-1.4437568187713623, -0.6129156351089478, 9.60234546661377, 70.0, 25099.0, Non-Bite
-1.4165161848068237, -0.5311935544013977, 9.684066772460938, 70.0, 25169.0, Non-Bite
-1.375655174255371, -0.5311935544013977, 9.60234546661377, 70.0, 25239.0, Non-Bite
-1.5254789590835571, -0.6401563286781311, 9.60234546661377, 69.0, 25308.0, Non-Bite
-1.4165161848068237, -0.6401563286781311, 9.60234546661377, 71.0, 25379.0, Non-Bite
-1.4846179485321045, -0.5311935544013977, 9.72492790222168, 70.0, 25449.0, Non-Bite
-1.375655174255371, -0.5720546245574951, 9.72492790222168, 70.0, 25519.0, Non-Bite
-1.4165161848068237, -0.6129156351089478, 9.60234546661377, 69.0, 25588.0, Non-Bite
-1.4437568187713623, -0.5311935544013977, 9.684066772460938, 71.0, 25659.0, Non-Bite
-1.6344417333602905, -0.5720546245574951, 9.60234546661377, 70.0, 25729.0, Non-Bite
-1.757024884223938, -0.5720546245574951, 9.60234546661377, 70.0, 25799.0, Non-Bite
-1.5254789590835571, -0.5720546245574951, 9.60234546661377, 69.0, 25868.0, Non-Bite
-1.4846179485321045, -0.6129156351089478, 9.684066772460938, 71.0, 25939.0, Non-Bite
-1.5663399696350098, -0.6401563286781311, 9.643206596374512, 70.0, 26009.0, Non-Bite
-1.5254789590835571, -0.7218784093856812, 9.643206596374512, 70.0, 26079.0, Non-Bite
-1.9885708093643188, -0.7218784093856812, 9.493382453918457, 70.0, 26149.0, Non-Bite
-1.6344417333602905, -0.5720546245574951, 9.60234546661377, 70.0, 26219.0, Non-Bite
-1.6753027439117432, -0.6401563286781311, 9.643206596374512, 69.0, 26288.0, Non-Bite
-2.0566725730895996, -0.5720546245574951, 9.452521324157715, 71.0, 26359.0, Non-Bite
-1.5663399696350098, -0.6129156351089478, 9.60234546661377, 98.0, 26457.0, Non-Bite
-2.0975334644317627, -0.5720546245574951, 9.5342435836792, 41.0, 26498.0, Non-Bite
-1.906848669052124, -0.4903325140476227, 9.575104713439941, 71.0, 26569.0, Non-Bite
-1.6072009801864624, -0.5720546245574951, 9.60234546661377, 70.0, 26639.0, Non-Bite
-1.5254789590835571, -0.5720546245574951, 9.60234546661377, 70.0, 26709.0, Non-Bite
-1.7161637544631958, -0.5311935544013977, 9.684066772460938, 70.0, 26779.0, Non-Bite
-1.6344417333602905, -0.4903325140476227, 9.72492790222168, 70.0, 26849.0, Non-Bite
-1.4846179485321045, -0.6810173988342285, 9.684066772460938, 69.0, 26918.0, Non-Bite
-1.906848669052124, -0.7627394795417786, 9.452521324157715, 70.0, 26988.0, Non-Bite
-1.2258312702178955, -0.5720546245574951, 9.643206596374512, 70.0, 27058.0, Non-Bite
-1.0623871088027954, -0.5311935544013977, 9.643206596374512, 71.0, 27129.0, Non-Bite
-1.334794044494629, -0.8036004900932312, 9.643206596374512, 70.0, 27199.0, Non-Bite
-1.103248119354248, -0.7218784093856812, 9.72492790222168, 70.0, 27269.0, Non-Bite
-1.9885708093643188, -0.44947147369384766, 9.5342435836792, 70.0, 27339.0, Non-Bite
-1.4846179485321045, -0.6129156351089478, 9.643206596374512, 70.0, 27409.0, Non-Bite
-1.5254789590835571, -0.7218784093856812, 9.60234546661377, 70.0, 27478.0, Non-Bite
-1.906848669052124, -0.6129156351089478, 9.60234546661377, 70.0, 27549.0, Non-Bite
-2.22011661529541, -0.40861043334007263, 9.60234546661377, 70.0, 27619.0, Non-Bite
-1.9477096796035767, -0.5311935544013977, 9.452521324157715, 70.0, 27689.0, Non-Bite
-1.757024884223938, -0.44947147369384766, 9.643206596374512, 70.0, 27759.0, Non-Bite
-1.7978858947753906, -0.6810173988342285, 9.60234546661377, 70.0, 27828.0, Non-Bite
-1.8659876585006714, -0.5311935544013977, 9.60234546661377, 70.0, 27899.0, Non-Bite
-1.9477096796035767, -0.5720546245574951, 9.493382453918457, 70.0, 27969.0, Non-Bite
-1.8659876585006714, -0.6129156351089478, 9.575104713439941, 70.0, 28039.0, Non-Bite
-1.757024884223938, -0.5720546245574951, 9.5342435836792, 70.0, 28109.0, Non-Bite
-1.9477096796035767, -0.6401563286781311, 9.575104713439941, 70.0, 28179.0, Non-Bite
-1.906848669052124, -0.4903325140476227, 9.575104713439941, 70.0, 28249.0, Non-Bite
-1.7978858947753906, -0.5311935544013977, 9.5342435836792, 70.0, 28319.0, Non-Bite
-1.8387469053268433, -0.6129156351089478, 9.575104713439941, 70.0, 28389.0, Non-Bite
-2.0294318199157715, -0.5720546245574951, 9.5342435836792, 70.0, 28459.0, Non-Bite
-1.9477096796035767, -0.5720546245574951, 9.5342435836792, 69.0, 28528.0, Non-Bite
-1.8659876585006714, -0.4903325140476227, 9.60234546661377, 71.0, 28599.0, Non-Bite
-1.9885708093643188, -0.5311935544013977, 9.5342435836792, 70.0, 28669.0, Non-Bite
-1.7978858947753906, -0.5720546245574951, 9.643206596374512, 70.0, 28739.0, Non-Bite
-1.7161637544631958, -0.5720546245574951, 9.575104713439941, 70.0, 28809.0, Non-Bite
-1.8659876585006714, -0.5720546245574951, 9.60234546661377, 70.0, 28878.0, Non-Bite
-2.22011661529541, -0.44947147369384766, 9.493382453918457, 70.0, 28949.0, Non-Bite
-2.0566725730895996, -0.44947147369384766, 9.60234546661377, 70.0, 29019.0, Non-Bite
-1.8659876585006714, -0.6129156351089478, 9.5342435836792, 70.0, 29089.0, Non-Bite
-2.179255723953247, -0.5311935544013977, 9.60234546661377, 70.0, 29159.0, Non-Bite
-2.0294318199157715, -0.5311935544013977, 9.60234546661377, 69.0, 29228.0, Non-Bite
-2.0975334644317627, -0.4903325140476227, 9.5342435836792, 70.0, 29298.0, Non-Bite
-2.0975334644317627, -0.5720546245574951, 9.60234546661377, 71.0, 29369.0, Non-Bite
-2.0566725730895996, -0.40861043334007263, 9.5342435836792, 70.0, 29439.0, Non-Bite
-2.0294318199157715, -0.4903325140476227, 9.60234546661377, 70.0, 29509.0, Non-Bite
-1.9885708093643188, -0.4903325140476227, 9.575104713439941, 70.0, 29579.0, Non-Bite
-1.906848669052124, -0.5311935544013977, 9.5342435836792, 69.0, 29648.0, Non-Bite
-2.0294318199157715, -0.40861043334007263, 9.575104713439941, 71.0, 29719.0, Non-Bite
-2.138394594192505, -0.4903325140476227, 9.493382453918457, 70.0, 29789.0, Non-Bite
-2.0294318199157715, -0.4903325140476227, 9.72492790222168, 70.0, 29859.0, Non-Bite
-1.7161637544631958, -0.19068486988544464, 9.493382453918457, 70.0, 29929.0, Non-Bite
-2.642347574234009, -0.7627394795417786, 9.72492790222168, 70.0, 29999.0, Non-Bite
-3.8954193592071533, -1.7161637544631958, 9.915613174438477, 70.0, 30069.0, Non-Bite
-5.856749534606934, -1.4846179485321045, 9.343558311462402, 70.0, 30139.0, Non-Bite
-8.226690292358398, 1.2530720233917236, 6.769312858581543, 70.0, 30209.0, Non-Bite
-8.26755142211914, 4.971426963806152, 5.897610664367676, 69.0, 30278.0, Non-Bite
-3.6366329193115234, 6.959997653961182, 4.4810943603515625, 70.0, 30348.0, Non-Bite
-1.334794044494629, 7.314126491546631, 4.590057373046875, 343.0, 30691.0, Non-Bite
0.44947147369384766, 7.382228374481201, 4.630918025970459, 10.0, 30701.0, Non-Bite
0.34050869941711426, 6.742072105407715, 5.666064739227295, 3.0, 30704.0, Non-Bite
2.2882184982299805, 6.742072105407715, 6.278980255126953, 3.0, 30707.0, Non-Bite
-2.22011661529541, 7.57291316986084, 4.903325080871582, 12.0, 30719.0, Non-Bite
-1.4846179485321045, 7.654635429382324, 4.549196243286133, 49.0, 30768.0, Non-Bite
-0.29964765906333923, 7.1915435791015625, 6.129156589508057, 71.0, 30839.0, Non-Bite
-0.871702253818512, 8.798744201660156, 6.0882954597473145, 70.0, 30908.0, Non-Bite
-0.8036004900932312, 8.158588409423828, 5.965712070465088, 70.0, 30979.0, Non-Bite
-0.19068486988544464, 7.57291316986084, 5.094009876251221, 70.0, 31049.0, Non-Bite
-0.7218784093856812, 6.769312858581543, 5.053149223327637, 70.0, 31119.0, Non-Bite
-0.7218784093856812, 7.041719913482666, 4.699019908905029, 70.0, 31188.0, Non-Bite
-0.6401563286781311, 7.123441696166992, 5.734166622161865, 70.0, 31259.0, Non-Bite
-1.103248119354248, 7.845320224761963, 6.851035118103027, 70.0, 31329.0, Non-Bite
-0.953424334526062, 7.9679036140441895, 6.347082138061523, 70.0, 31399.0, Non-Bite
-0.7218784093856812, 7.273265838623047, 6.238119125366211, 70.0, 31469.0, Non-Bite
-0.7218784093856812, 6.959997653961182, 5.243834018707275, 70.0, 31539.0, Non-Bite
0.40861043334007263, 6.578628063201904, 5.51624059677124, 70.0, 31609.0, Non-Bite
-0.9125633239746094, 6.42880392074585, 5.924851417541504, 70.0, 31679.0, Non-Bite
-0.2587866187095642, 6.9327569007873535, 6.851035118103027, 70.0, 31749.0, Non-Bite
1.1441092491149902, 7.123441696166992, 6.347082138061523, 70.0, 31819.0, Non-Bite
2.751310348510742, 6.851035118103027, 5.965712070465088, 70.0, 31889.0, Non-Bite
4.44023323059082, 5.856749534606934, 5.856749534606934, 70.0, 31959.0, Non-Bite
1.375655174255371, 2.8330323696136475, 6.510526180267334, 69.0, 32028.0, Non-Bite
-3.4050869941711426, 0.871702253818512, 8.88046646118164, 71.0, 32099.0, Non-Bite
-3.0918190479278564, -2.3290793895721436, 11.059721946716309, 70.0, 32169.0, Non-Bite
-1.6344417333602905, -2.5606253147125244, 10.48766803741455, 70.0, 32239.0, Non-Bite
-6.156397342681885, -2.2882184982299805, 7.995143890380859, 69.0, 32308.0, Non-Bite
-3.9362804889678955, -2.2473573684692383, 9.220975875854492, 71.0, 32379.0, Non-Bite
0.9125633239746094, -0.871702253818512, 10.48766803741455, 70.0, 32449.0, Non-Bite
-0.953424334526062, -0.8308411836624146, 9.5342435836792, 70.0, 32519.0, Non-Bite
-1.8659876585006714, -0.6401563286781311, 9.452521324157715, 70.0, 32589.0, Non-Bite
-0.3813697397708893, -0.7627394795417786, 9.874752044677734, 70.0, 32659.0, Non-Bite
-0.8308411836624146, -0.6401563286781311, 9.60234546661377, 70.0, 32729.0, Non-Bite
-1.2530720233917236, -0.4903325140476227, 9.643206596374512, 70.0, 32799.0, Non-Bite
-0.9125633239746094, -0.8036004900932312, 9.643206596374512, 70.0, 32869.0, Non-Bite
-0.9125633239746094, -0.6810173988342285, 9.765789031982422, 69.0, 32938.0, Non-Bite
-0.7218784093856812, -0.6810173988342285, 9.833890914916992, 71.0, 33009.0, Non-Bite
-0.871702253818512, -0.7218784093856812, 9.765789031982422, 70.0, 33079.0, Non-Bite
-0.5720546245574951, -0.7627394795417786, 9.806650161743164, 70.0, 33149.0, Non-Bite
1.2530720233917236, -0.44947147369384766, 9.30269718170166, 69.0, 33218.0, Non-Bite
-0.217925563454628, -0.6129156351089478, 9.833890914916992, 70.0, 33288.0, Non-Bite
-1.2530720233917236, -0.6129156351089478, 9.72492790222168, 71.0, 33359.0, Non-Bite
-0.9942854046821594, -0.7218784093856812, 9.684066772460938, 70.0, 33429.0, Non-Bite
-0.953424334526062, -0.6401563286781311, 9.60234546661377, 70.0, 33499.0, Non-Bite
-0.8036004900932312, -0.5720546245574951, 9.5342435836792, 70.0, 33569.0, Non-Bite
-0.871702253818512, -0.7627394795417786, 9.997335433959961, 70.0, 33639.0, Non-Bite
-1.0623871088027954, -0.8036004900932312, 9.684066772460938, 70.0, 33709.0, Non-Bite
-0.8308411836624146, -0.6129156351089478, 9.806650161743164, 70.0, 33778.0, Non-Bite
-0.953424334526062, -0.6810173988342285, 9.684066772460938, 69.0, 33848.0, Non-Bite
-0.9125633239746094, -0.8036004900932312, 9.684066772460938, 70.0, 33918.0, Non-Bite
-0.44947147369384766, -1.0215260982513428, 9.833890914916992, 71.0, 33989.0, Non-Bite
-0.9125633239746094, -0.2587866187095642, 9.60234546661377, 70.0, 34059.0, Non-Bite
-1.0623871088027954, -0.44947147369384766, 9.765789031982422, 70.0, 34129.0, Non-Bite
-1.2530720233917236, -0.9942854046821594, 9.684066772460938, 70.0, 34199.0, Non-Bite
-1.1441092491149902, -0.6401563286781311, 9.72492790222168, 70.0, 34269.0, Non-Bite
-1.334794044494629, -0.4903325140476227, 9.684066772460938, 69.0, 34338.0, Non-Bite
-1.1849702596664429, -0.7218784093856812, 9.643206596374512, 71.0, 34409.0, Non-Bite
-1.2939330339431763, -0.7218784093856812, 9.60234546661377, 70.0, 34479.0, Non-Bite
-1.2258312702178955, -0.6401563286781311, 9.72492790222168, 70.0, 34549.0, Non-Bite
-1.334794044494629, -0.5720546245574951, 9.684066772460938, 70.0, 34619.0, Non-Bite
-1.4846179485321045, -0.6810173988342285, 9.60234546661377, 70.0, 34689.0, Non-Bite
-1.0623871088027954, -0.5720546245574951, 9.684066772460938, 70.0, 34759.0, Non-Bite
-1.375655174255371, -0.5311935544013977, 9.643206596374512, 70.0, 34828.0, Non-Bite
-1.5663399696350098, -0.4903325140476227, 9.643206596374512, 70.0, 34898.0, Non-Bite
-1.1441092491149902, -0.5720546245574951, 9.72492790222168, 70.0, 34969.0, Non-Bite
-1.6344417333602905, -0.6401563286781311, 9.575104713439941, 70.0, 35039.0, Non-Bite
-1.2939330339431763, -0.5311935544013977, 9.684066772460938, 70.0, 35109.0, Non-Bite
-1.5663399696350098, -0.6401563286781311, 9.643206596374512, 70.0, 35179.0, Non-Bite
-1.4846179485321045, -0.6129156351089478, 9.684066772460938, 70.0, 35249.0, Non-Bite
-1.2939330339431763, -0.6129156351089478, 9.765789031982422, 72.0, 35321.0, Non-Bite
-1.6072009801864624, -0.6810173988342285, 9.643206596374512, 68.0, 35389.0, Non-Bite
-1.1441092491149902, -0.44947147369384766, 9.60234546661377, 70.0, 35458.0, Non-Bite
-1.4437568187713623, -0.7627394795417786, 9.60234546661377, 69.0, 35528.0, Non-Bite
-1.1849702596664429, -0.44947147369384766, 9.643206596374512, 71.0, 35598.0, Non-Bite
-1.2258312702178955, -0.7218784093856812, 9.684066772460938, 70.0, 35669.0, Non-Bite
-1.5254789590835571, -0.5720546245574951, 9.60234546661377, 70.0, 35739.0, Non-Bite
-1.1441092491149902, -0.5720546245574951, 9.765789031982422, 69.0, 35808.0, Non-Bite
-1.5254789590835571, -0.7218784093856812, 9.643206596374512, 71.0, 35879.0, Non-Bite
-1.2258312702178955, -0.40861043334007263, 9.72492790222168, 70.0, 35949.0, Non-Bite
-1.2939330339431763, -0.5720546245574951, 9.643206596374512, 70.0, 36019.0, Non-Bite
-1.4165161848068237, -0.40861043334007263, 9.60234546661377, 69.0, 36088.0, Non-Bite
-1.1441092491149902, -0.5720546245574951, 9.833890914916992, 71.0, 36158.0, Non-Bite
-1.4846179485321045, -0.7218784093856812, 9.643206596374512, 70.0, 36229.0, Non-Bite
-1.1441092491149902, -0.4903325140476227, 9.765789031982422, 69.0, 36298.0, Non-Bite
-1.4437568187713623, -0.6401563286781311, 9.60234546661377, 71.0, 36369.0, Non-Bite
-1.4437568187713623, -0.44947147369384766, 9.60234546661377, 70.0, 36438.0, Non-Bite
-1.334794044494629, -0.6129156351089478, 9.72492790222168, 70.0, 36509.0, Non-Bite
-1.6072009801864624, -0.6810173988342285, 9.643206596374512, 70.0, 36579.0, Non-Bite
-1.4437568187713623, -0.5720546245574951, 9.765789031982422, 70.0, 36649.0, Non-Bite
-1.6072009801864624, -0.6810173988342285, 9.60234546661377, 70.0, 36719.0, Non-Bite
-1.6344417333602905, -0.4903325140476227, 9.60234546661377, 70.0, 36789.0, Non-Bite
-1.4165161848068237, -0.5720546245574951, 9.684066772460938, 70.0, 36859.0, Non-Bite
-1.6072009801864624, -0.5311935544013977, 9.60234546661377, 69.0, 36928.0, Non-Bite
-1.4846179485321045, -0.5720546245574951, 9.684066772460938, 70.0, 36999.0, Non-Bite
-1.375655174255371, -0.5720546245574951, 9.684066772460938, 70.0, 37069.0, Non-Bite
-1.7161637544631958, -0.6129156351089478, 9.643206596374512, 70.0, 37139.0, Non-Bite
-1.2939330339431763, -0.5720546245574951, 9.684066772460938, 70.0, 37209.0, Non-Bite
-1.4165161848068237, -0.6129156351089478, 9.643206596374512, 69.0, 37278.0, Non-Bite
-1.4846179485321045, -0.6129156351089478, 9.60234546661377, 70.0, 37348.0, Non-Bite
-1.334794044494629, -0.5311935544013977, 9.684066772460938, 70.0, 37419.0, Non-Bite
-1.6072009801864624, -0.6810173988342285, 9.575104713439941, 70.0, 37489.0, Non-Bite
-1.4437568187713623, -0.44947147369384766, 9.643206596374512, 70.0, 37559.0, Non-Bite
-1.5254789590835571, -0.5720546245574951, 9.60234546661377, 70.0, 37629.0, Non-Bite
-1.4437568187713623, -0.6129156351089478, 9.684066772460938, 70.0, 37699.0, Non-Bite
-1.1849702596664429, -0.44947147369384766, 9.72492790222168, 70.0, 37769.0, Non-Bite
-1.7161637544631958, -0.6810173988342285, 9.684066772460938, 69.0, 37838.0, Non-Bite
-1.5254789590835571, -0.4903325140476227, 9.60234546661377, 71.0, 37909.0, Non-Bite
-1.375655174255371, -0.5311935544013977, 9.643206596374512, 70.0, 37979.0, Non-Bite
-1.5663399696350098, -0.6810173988342285, 9.684066772460938, 70.0, 38049.0, Non-Bite
-1.2530720233917236, -0.5720546245574951, 9.684066772460938, 70.0, 38119.0, Non-Bite
-1.4437568187713623, -0.4903325140476227, 9.765789031982422, 70.0, 38189.0, Non-Bite
-1.7161637544631958, -0.5311935544013977, 9.643206596374512, 70.0, 38258.0, Non-Bite
-1.2258312702178955, -0.5720546245574951, 9.684066772460938, 70.0, 38329.0, Non-Bite
-1.2530720233917236, -1.0623871088027954, 10.569390296936035, 70.0, 38399.0, Non-Bite
-3.0645782947540283, -3.4459478855133057, 9.915613174438477, 70.0, 38469.0, Non-Bite
-6.6194891929626465, -0.14982382953166962, 8.539958000183105, 70.0, 38539.0, Non-Bite
-6.197257995605469, 1.4165161848068237, 6.387943267822266, 70.0, 38609.0, Non-Bite
-6.238119125366211, 4.93056583404541, 6.197257995605469, 70.0, 38679.0, Non-Bite
-5.053149223327637, 6.891895771026611, 5.284695148468018, 70.0, 38749.0, Non-Bite
-1.7161637544631958, 6.047434329986572, 6.851035118103027, 70.0, 38819.0, Non-Bite
1.6072009801864624, 5.434518814086914, 6.701210975646973, 70.0, 38889.0, Non-Bite
3.827317714691162, 6.578628063201904, 5.856749534606934, 70.0, 38959.0, Non-Bite
1.4165161848068237, 6.42880392074585, 5.856749534606934, 70.0, 39029.0, Non-Bite
0.19068486988544464, 6.42880392074585, 5.625203609466553, 70.0, 39099.0, Non-Bite
-1.1849702596664429, 6.6194891929626465, 8.26755142211914, 70.0, 39168.0, Non-Bite
-0.19068486988544464, 7.9679036140441895, 8.036005020141602, 69.0, 39238.0, Non-Bite
-0.871702253818512, 7.736357688903809, 7.382228374481201, 70.0, 39308.0, Non-Bite
0.34050869941711426, 7.041719913482666, 5.625203609466553, 71.0, 39379.0, Non-Bite
1.4437568187713623, 6.0882954597473145, 4.549196243286133, 70.0, 39449.0, Non-Bite
2.982856035232544, 5.666064739227295, 5.543481349945068, 70.0, 39519.0, Non-Bite
1.0215260982513428, 7.041719913482666, 7.000858783721924, 70.0, 39588.0, Non-Bite
1.8387469053268433, 7.695496559143066, 7.613774299621582, 70.0, 39659.0, Non-Bite
1.5663399696350098, 7.1915435791015625, 7.1915435791015625, 70.0, 39729.0, Non-Bite
1.9885708093643188, 6.469665050506592, 5.5843424797058105, 70.0, 39799.0, Non-Bite
4.7398810386657715, 5.775027275085449, 5.053149223327637, 70.0, 39869.0, Non-Bite
6.156397342681885, 5.666064739227295, 5.053149223327637, 70.0, 39939.0, Non-Bite
5.094009876251221, 5.35279655456543, 5.284695148468018, 70.0, 40009.0, Non-Bite
2.410801649093628, 4.508335113525391, 6.00657320022583, 70.0, 40079.0, Non-Bite
-0.0272406954318285, 1.9885708093643188, 7.041719913482666, 69.0, 40148.0, Non-Bite
-2.3290793895721436, -0.0272406954318285, 7.995143890380859, 71.0, 40219.0, Non-Bite
-2.451662540435791, -4.86246395111084, 13.783791542053223, 69.0, 40288.0, Non-Bite
-8.036005020141602, -1.8659876585006714, 5.666064739227295, 70.0, 40358.0, Non-Bite
-5.965712070465088, -3.1735410690307617, 11.481952667236328, 70.0, 40428.0, Non-Bite
-0.5311935544013977, -0.9942854046821594, 9.806650161743164, 71.0, 40499.0, Non-Bite
-1.6072009801864624, -1.0215260982513428, 9.684066772460938, 70.0, 40569.0, Non-Bite
-0.44947147369384766, -0.6810173988342285, 9.833890914916992, 70.0, 40639.0, Non-Bite
-1.2530720233917236, -0.953424334526062, 9.684066772460938, 70.0, 40709.0, Non-Bite
-0.6810173988342285, -1.103248119354248, 9.60234546661377, 70.0, 40779.0, Non-Bite
-0.34050869941711426, -0.953424334526062, 10.024576187133789, 69.0, 40848.0, Non-Bite
0.19068486988544464, -0.9942854046821594, 9.72492790222168, 71.0, 40919.0, Non-Bite
-0.5311935544013977, -2.478903293609619, 9.956474304199219, 69.0, 40988.0, Non-Bite
-0.19068486988544464, -1.4437568187713623, 9.575104713439941, 70.0, 41058.0, Non-Bite
0.40861043334007263, -0.953424334526062, 9.72492790222168, 71.0, 41128.0, Non-Bite
-0.217925563454628, -1.0623871088027954, 9.806650161743164, 70.0, 41199.0, Non-Bite
-1.375655174255371, -0.871702253818512, 9.575104713439941, 70.0, 41268.0, Non-Bite
-1.6753027439117432, -0.9942854046821594, 9.452521324157715, 69.0, 41338.0, Non-Bite
-1.0215260982513428, -0.5311935544013977, 9.833890914916992, 71.0, 41409.0, Non-Bite
-1.2939330339431763, -0.6810173988342285, 9.72492790222168, 70.0, 41479.0, Non-Bite
-1.6753027439117432, -1.1441092491149902, 9.575104713439941, 70.0, 41549.0, Non-Bite
-1.4846179485321045, -0.6810173988342285, 9.5342435836792, 70.0, 41619.0, Non-Bite
-1.375655174255371, -0.871702253818512, 9.60234546661377, 70.0, 41689.0, Non-Bite
-1.4165161848068237, -0.8036004900932312, 9.643206596374512, 70.0, 41759.0, Non-Bite
-1.2258312702178955, -0.871702253818512, 9.643206596374512, 69.0, 41828.0, Non-Bite
-1.6072009801864624, -0.871702253818512, 9.643206596374512, 70.0, 41898.0, Non-Bite
-1.0623871088027954, -0.8036004900932312, 9.72492790222168, 71.0, 41969.0, Non-Bite
-1.4437568187713623, -0.9942854046821594, 9.684066772460938, 70.0, 42039.0, Non-Bite
-1.2530720233917236, -0.6401563286781311, 9.72492790222168, 70.0, 42109.0, Non-Bite
-1.334794044494629, -0.7627394795417786, 9.684066772460938, 70.0, 42179.0, Non-Bite
-1.2530720233917236, -0.9125633239746094, 9.575104713439941, 70.0, 42248.0, Non-Bite
-1.1849702596664429, -0.6810173988342285, 9.684066772460938, 69.0, 42318.0, Non-Bite
-1.2530720233917236, -0.8308411836624146, 9.643206596374512, 70.0, 42388.0, Non-Bite
-1.2258312702178955, -0.7218784093856812, 9.643206596374512, 71.0, 42459.0, Non-Bite
-1.2258312702178955, -0.7627394795417786, 9.72492790222168, 70.0, 42529.0, Non-Bite
-1.4846179485321045, -0.9125633239746094, 9.684066772460938, 70.0, 42599.0, Non-Bite
-1.334794044494629, -0.6401563286781311, 9.72492790222168, 70.0, 42669.0, Non-Bite
-1.334794044494629, -0.8308411836624146, 9.643206596374512, 70.0, 42739.0, Non-Bite
-1.2939330339431763, -0.871702253818512, 9.643206596374512, 69.0, 42808.0, Non-Bite
-1.2258312702178955, -0.6401563286781311, 9.72492790222168, 71.0, 42879.0, Non-Bite
-1.4846179485321045, -0.871702253818512, 9.643206596374512, 70.0, 42949.0, Non-Bite
-1.4846179485321045, -0.6810173988342285, 9.643206596374512, 69.0, 43018.0, Non-Bite
-1.4846179485321045, -0.7627394795417786, 9.643206596374512, 70.0, 43088.0, Non-Bite
-1.4846179485321045, -0.8036004900932312, 9.643206596374512, 70.0, 43158.0, Non-Bite
-1.4165161848068237, -0.6810173988342285, 9.643206596374512, 70.0, 43228.0, Non-Bite
-1.5254789590835571, -0.8308411836624146, 9.575104713439941, 70.0, 43298.0, Non-Bite
-1.4846179485321045, -0.7627394795417786, 9.575104713439941, 71.0, 43369.0, Non-Bite
-1.6072009801864624, -0.6401563286781311, 9.60234546661377, 70.0, 43439.0, Non-Bite
-1.4165161848068237, -0.6810173988342285, 9.72492790222168, 70.0, 43509.0, Non-Bite
-1.9477096796035767, -0.7218784093856812, 9.343558311462402, 69.0, 43578.0, Non-Bite
-1.7161637544631958, -0.7627394795417786, 9.411660194396973, 71.0, 43649.0, Non-Bite
-1.1849702596664429, -0.8036004900932312, 9.643206596374512, 70.0, 43719.0, Non-Bite
-1.9477096796035767, -0.7627394795417786, 9.493382453918457, 69.0, 43788.0, Non-Bite
-1.5254789590835571, -0.7218784093856812, 9.60234546661377, 70.0, 43859.0, Non-Bite
-1.375655174255371, -1.103248119354248, 9.806650161743164, 70.0, 43929.0, Non-Bite
-1.334794044494629, -0.8308411836624146, 9.575104713439941, 70.0, 43999.0, Non-Bite
-1.6753027439117432, -0.8036004900932312, 9.575104713439941, 70.0, 44069.0, Non-Bite
-1.906848669052124, -0.8036004900932312, 9.575104713439941, 69.0, 44138.0, Non-Bite
-1.757024884223938, -0.9942854046821594, 9.60234546661377, 70.0, 44208.0, Non-Bite
-2.0975334644317627, -0.8308411836624146, 9.452521324157715, 70.0, 44279.0, Non-Bite
-1.7161637544631958, -0.8308411836624146, 9.643206596374512, 69.0, 44348.0, Non-Bite
-1.6344417333602905, -0.7627394795417786, 9.60234546661377, 71.0, 44419.0, Non-Bite
-1.9885708093643188, -0.8308411836624146, 9.493382453918457, 69.0, 44488.0, Non-Bite
-1.9477096796035767, -0.7627394795417786, 9.575104713439941, 70.0, 44558.0, Non-Bite
-1.9885708093643188, -0.8036004900932312, 9.493382453918457, 70.0, 44628.0, Non-Bite
-1.906848669052124, -0.6129156351089478, 9.5342435836792, 70.0, 44699.0, Non-Bite
-1.906848669052124, -0.7218784093856812, 9.60234546661377, 70.0, 44769.0, Non-Bite
-2.179255723953247, -0.8036004900932312, 9.452521324157715, 69.0, 44838.0, Non-Bite
-2.0975334644317627, -0.8036004900932312, 9.452521324157715, 70.0, 44908.0, Non-Bite
-2.451662540435791, -0.6129156351089478, 9.384419441223145, 71.0, 44979.0, Non-Bite
-2.0975334644317627, -0.7218784093856812, 9.575104713439941, 70.0, 45049.0, Non-Bite
-2.2882184982299805, -0.5720546245574951, 9.411660194396973, 70.0, 45119.0, Non-Bite
-2.0566725730895996, -0.6401563286781311, 9.30269718170166, 70.0, 45189.0, Non-Bite
-1.7161637544631958, -0.6401563286781311, 9.60234546661377, 69.0, 45258.0, Non-Bite
-1.6753027439117432, -0.8308411836624146, 9.72492790222168, 70.0, 45328.0, Non-Bite
-2.138394594192505, -0.6810173988342285, 9.411660194396973, 71.0, 45398.0, Non-Bite
-1.9885708093643188, -0.6810173988342285, 9.5342435836792, 69.0, 45468.0, Non-Bite
-2.138394594192505, -0.6401563286781311, 9.60234546661377, 71.0, 45539.0, Non-Bite
-2.3699405193328857, -0.953424334526062, 9.411660194396973, 70.0, 45609.0, Non-Bite
-1.906848669052124, -0.44947147369384766, 9.493382453918457, 70.0, 45679.0, Non-Bite
-1.906848669052124, -0.7218784093856812, 9.60234546661377, 70.0, 45749.0, Non-Bite
-1.9885708093643188, -0.953424334526062, 9.493382453918457, 70.0, 45819.0, Non-Bite
-2.22011661529541, -0.6810173988342285, 9.493382453918457, 69.0, 45888.0, Non-Bite
-2.0975334644317627, -0.7218784093856812, 9.60234546661377, 71.0, 45959.0, Non-Bite
-2.0566725730895996, -0.8036004900932312, 9.5342435836792, 70.0, 46029.0, Non-Bite
-1.4165161848068237, -0.8308411836624146, 9.765789031982422, 70.0, 46099.0, Non-Bite
-1.334794044494629, -0.8036004900932312, 9.684066772460938, 70.0, 46169.0, Non-Bite
-2.179255723953247, -0.8036004900932312, 9.643206596374512, 70.0, 46239.0, Non-Bite
-1.9885708093643188, -0.9942854046821594, 9.5342435836792, 69.0, 46308.0, Non-Bite
-2.642347574234009, -0.8308411836624146, 9.343558311462402, 70.0, 46378.0, Non-Bite
-2.3699405193328857, -0.7627394795417786, 9.493382453918457, 70.0, 46449.0, Non-Bite
-2.2882184982299805, -0.8308411836624146, 9.493382453918457, 70.0, 46519.0, Non-Bite
-2.0566725730895996, -0.6129156351089478, 9.493382453918457, 70.0, 46588.0, Non-Bite
-2.6014864444732666, -0.6401563286781311, 9.5342435836792, 70.0, 46659.0, Non-Bite
-2.478903293609619, -0.6401563286781311, 9.411660194396973, 70.0, 46728.0, Non-Bite
-3.78645658493042, -0.6810173988342285, 9.193735122680664, 69.0, 46798.0, Non-Bite
-3.1326799392700195, -0.44947147369384766, 9.575104713439941, 70.0, 46869.0, Non-Bite
-2.410801649093628, 0.0, 9.152873992919922, 70.0, 46939.0, Non-Bite
-3.023717164993286, -0.4903325140476227, 9.152873992919922, 69.0, 47008.0, Non-Bite
-3.1735410690307617, -0.6129156351089478, 9.343558311462402, 71.0, 47079.0, Non-Bite
-4.358511447906494, -0.29964765906333923, 8.921327590942383, 70.0, 47149.0, Non-Bite
-3.7047345638275146, -0.29964765906333923, 8.921327590942383, 69.0, 47218.0, Non-Bite
-4.93056583404541, -0.44947147369384766, 9.071151733398438, 71.0, 47289.0, Non-Bite
-2.0294318199157715, -0.6810173988342285, 9.684066772460938, 69.0, 47358.0, Non-Bite
-2.642347574234009, -0.4903325140476227, 9.452521324157715, 71.0, 47429.0, Non-Bite
-1.8659876585006714, -0.7218784093856812, 9.643206596374512, 70.0, 47499.0, Non-Bite
-2.3699405193328857, -0.5311935544013977, 9.384419441223145, 70.0, 47569.0, Non-Bite
-3.0645782947540283, -0.5311935544013977, 9.193735122680664, 70.0, 47638.0, Non-Bite
-2.8602731227874756, -0.6401563286781311, 9.643206596374512, 70.0, 47708.0, Non-Bite
-4.590057373046875, -0.4903325140476227, 8.730643272399902, 69.0, 47778.0, Non-Bite
-8.771504402160645, -0.108962781727314, 6.319841384887695, 71.0, 47849.0, Non-Bite
-7.4639506340026855, 0.6129156351089478, 5.3119354248046875, 69.0, 47918.0, Non-Bite
-8.798744201660156, 1.0623871088027954, 4.167826175689697, 70.0, 47989.0, Non-Bite
-8.730643272399902, 1.2939330339431763, 4.126965522766113, 69.0, 48058.0, Non-Bite
-7.232404708862305, 1.4846179485321045, 5.3119354248046875, 70.0, 48129.0, Non-Bite
-8.989429473876953, 0.6401563286781311, 5.121250629425049, 70.0, 48199.0, Non-Bite
-8.417374610900879, 1.0623871088027954, 5.475379943847656, 70.0, 48268.0, Non-Bite
-7.232404708862305, 1.2939330339431763, 6.00657320022583, 69.0, 48338.0, Non-Bite
-8.417374610900879, -0.14982382953166962, 6.578628063201904, 71.0, 48409.0, Non-Bite
-9.30269718170166, 0.9942854046821594, 4.086104393005371, 70.0, 48479.0, Non-Bite
-6.6603498458862305, 1.2258312702178955, 5.5843424797058105, 70.0, 48549.0, Non-Bite
-8.648921012878418, 1.0215260982513428, 5.284695148468018, 70.0, 48619.0, Non-Bite
-8.608059883117676, 0.8036004900932312, 5.162111759185791, 70.0, 48689.0, Non-Bite
-7.995143890380859, 1.0215260982513428, 5.243834018707275, 70.0, 48759.0, Non-Bite
-7.886181354522705, 0.953424334526062, 5.35279655456543, 70.0, 48829.0, Non-Bite
-8.26755142211914, 1.0215260982513428, 5.35279655456543, 70.0, 48898.0, Non-Bite
-8.185829162597656, 1.0215260982513428, 5.35279655456543, 70.0, 48968.0, Non-Bite
-7.927042484283447, 1.103248119354248, 5.243834018707275, 70.0, 49039.0, Non-Bite
-8.458235740661621, 0.8036004900932312, 5.543481349945068, 70.0, 49109.0, Non-Bite
-9.261836051940918, 0.4903325140476227, 4.671779155731201, 70.0, 49179.0, Non-Bite
-8.185829162597656, 1.2939330339431763, 4.780742168426514, 70.0, 49249.0, Non-Bite
-8.608059883117676, 2.2882184982299805, 3.473188638687134, 70.0, 49319.0, Non-Bite
-6.578628063201904, 2.138394594192505, 5.51624059677124, 70.0, 49389.0, Non-Bite
-7.041719913482666, 1.7978858947753906, 5.625203609466553, 70.0, 49459.0, Non-Bite
-8.26755142211914, 0.9942854046821594, 5.5843424797058105, 70.0, 49529.0, Non-Bite
-8.308412551879883, 0.7218784093856812, 5.924851417541504, 70.0, 49599.0, Non-Bite
-8.158588409423828, 0.2587866187095642, 6.129156589508057, 70.0, 49669.0, Non-Bite
-7.423089504241943, 0.5311935544013977, 6.278980255126953, 70.0, 49739.0, Non-Bite
-7.504811763763428, 0.871702253818512, 6.0882954597473145, 70.0, 49809.0, Non-Bite
-7.504811763763428, 0.871702253818512, 6.047434329986572, 69.0, 49878.0, Non-Bite
-7.804459095001221, 0.6129156351089478, 6.0882954597473145, 71.0, 49949.0, Non-Bite
-7.613774299621582, 0.8308411836624146, 5.35279655456543, 70.0, 50019.0, Non-Bite
-7.804459095001221, 0.4903325140476227, 5.897610664367676, 69.0, 50088.0, Non-Bite
-8.417374610900879, 0.6129156351089478, 4.4810943603515625, 70.0, 50159.0, Non-Bite
-9.220975875854492, 0.217925563454628, 4.086104393005371, 70.0, 50229.0, Non-Bite
-9.220975875854492, 0.6810173988342285, 3.514049768447876, 69.0, 50298.0, Non-Bite
-7.7635979652404785, 0.108962781727314, 5.897610664367676, 71.0, 50369.0, Non-Bite
-9.071151733398438, -0.0272406954318285, 4.7398810386657715, 69.0, 50438.0, Non-Bite
-7.082581043243408, 0.19068486988544464, 6.00657320022583, 71.0, 50509.0, Non-Bite
-7.382228374481201, 0.108962781727314, 6.42880392074585, 69.0, 50578.0, Non-Bite
-6.891895771026611, -0.19068486988544464, 7.545672416687012, 71.0, 50649.0, Non-Bite
-6.129156589508057, -0.217925563454628, 7.654635429382324, 70.0, 50719.0, Non-Bite
-3.7047345638275146, -0.8036004900932312, 8.771504402160645, 69.0, 50788.0, Non-Bite
-4.590057373046875, -0.5720546245574951, 8.730643272399902, 69.0, 50858.0, Non-Bite
-4.7398810386657715, -0.953424334526062, 9.11201286315918, 71.0, 50929.0, Non-Bite
-5.897610664367676, 0.0, 7.273265838623047, 70.0, 50999.0, Non-Bite
-4.630918025970459, 0.9125633239746094, 7.7635979652404785, 70.0, 51069.0, Non-Bite
-9.452521324157715, -1.0623871088027954, 7.082581043243408, 70.0, 51139.0, Non-Bite
-4.671779155731201, -0.3813697397708893, 9.071151733398438, 70.0, 51209.0, Non-Bite
-5.053149223327637, -0.6401563286781311, 8.499096870422363, 69.0, 51278.0, Non-Bite
-5.434518814086914, -0.19068486988544464, 8.158588409423828, 71.0, 51348.0, Non-Bite
-5.775027275085449, -0.34050869941711426, 7.9679036140441895, 70.0, 51419.0, Non-Bite
-5.897610664367676, -0.34050869941711426, 7.927042484283447, 69.0, 51488.0, Non-Bite
-5.706925868988037, -0.3813697397708893, 7.9679036140441895, 71.0, 51559.0, Non-Bite
-5.706925868988037, -0.34050869941711426, 7.927042484283447, 70.0, 51629.0, Non-Bite
-5.706925868988037, -0.29964765906333923, 7.886181354522705, 70.0, 51699.0, Non-Bite
-5.734166622161865, -0.29964765906333923, 7.927042484283447, 70.0, 51769.0, Non-Bite
-5.965712070465088, -0.29964765906333923, 7.695496559143066, 69.0, 51838.0, Non-Bite
-5.775027275085449, -0.217925563454628, 7.886181354522705, 71.0, 51909.0, Non-Bite
-6.047434329986572, -0.29964765906333923, 7.7635979652404785, 70.0, 51979.0, Non-Bite
-5.856749534606934, -0.217925563454628, 7.845320224761963, 70.0, 52049.0, Non-Bite
-5.543481349945068, -0.19068486988544464, 7.9679036140441895, 70.0, 52119.0, Non-Bite
-5.202972888946533, -0.34050869941711426, 8.226690292358398, 70.0, 52189.0, Non-Bite
-5.625203609466553, -0.06810174137353897, 8.076866149902344, 70.0, 52259.0, Non-Bite
-5.5843424797058105, -0.34050869941711426, 8.036005020141602, 70.0, 52329.0, Non-Bite
-5.51624059677124, -0.2587866187095642, 8.036005020141602, 70.0, 52398.0, Non-Bite
-5.543481349945068, -0.34050869941711426, 8.076866149902344, 70.0, 52469.0, Non-Bite
-5.543481349945068, -0.2587866187095642, 8.076866149902344, 69.0, 52538.0, Non-Bite
-5.51624059677124, -0.14982382953166962, 8.076866149902344, 70.0, 52609.0, Non-Bite
-5.51624059677124, -0.29964765906333923, 8.117727279663086, 70.0, 52678.0, Non-Bite
-5.475379943847656, -0.108962781727314, 8.076866149902344, 70.0, 52749.0, Non-Bite
-5.543481349945068, -0.40861043334007263, 8.076866149902344, 70.0, 52819.0, Non-Bite
-5.51624059677124, -0.19068486988544464, 8.158588409423828, 70.0, 52889.0, Non-Bite
-5.434518814086914, -0.2587866187095642, 7.995143890380859, 70.0, 52959.0, Non-Bite
-5.51624059677124, -0.2587866187095642, 7.995143890380859, 69.0, 53028.0, Non-Bite
-5.51624059677124, -0.19068486988544464, 8.076866149902344, 70.0, 53098.0, Non-Bite
-5.51624059677124, -0.3813697397708893, 8.036005020141602, 71.0, 53168.0, Non-Bite
-5.434518814086914, -0.19068486988544464, 8.036005020141602, 70.0, 53238.0, Non-Bite
-5.5843424797058105, -0.29964765906333923, 8.036005020141602, 69.0, 53308.0, Non-Bite
-5.51624059677124, -0.19068486988544464, 7.995143890380859, 71.0, 53379.0, Non-Bite
-5.625203609466553, -0.217925563454628, 7.995143890380859, 70.0, 53449.0, Non-Bite
-5.625203609466553, -0.29964765906333923, 8.076866149902344, 69.0, 53518.0, Non-Bite
-5.51624059677124, -0.14982382953166962, 8.036005020141602, 70.0, 53588.0, Non-Bite
-5.666064739227295, -0.2587866187095642, 8.036005020141602, 71.0, 53659.0, Non-Bite
-5.543481349945068, -0.19068486988544464, 7.927042484283447, 70.0, 53729.0, Non-Bite
-5.475379943847656, -0.217925563454628, 8.036005020141602, 70.0, 53799.0, Non-Bite
-5.625203609466553, -0.19068486988544464, 7.995143890380859, 70.0, 53869.0, Non-Bite
-5.51624059677124, -0.108962781727314, 8.076866149902344, 70.0, 53939.0, Non-Bite
-5.543481349945068, -0.40861043334007263, 8.076866149902344, 69.0, 54008.0, Non-Bite
-5.51624059677124, -0.19068486988544464, 7.995143890380859, 71.0, 54079.0, Non-Bite
-5.5843424797058105, -0.2587866187095642, 7.9679036140441895, 70.0, 54149.0, Non-Bite
-5.434518814086914, -0.19068486988544464, 8.036005020141602, 70.0, 54219.0, Non-Bite
-5.543481349945068, -0.14982382953166962, 8.117727279663086, 70.0, 54289.0, Non-Bite
-5.543481349945068, -0.108962781727314, 8.036005020141602, 69.0, 54358.0, Non-Bite
-5.734166622161865, -0.14982382953166962, 8.076866149902344, 71.0, 54429.0, Non-Bite
-5.434518814086914, 0.0, 8.117727279663086, 70.0, 54499.0, Non-Bite
-5.5843424797058105, -0.217925563454628, 8.076866149902344, 70.0, 54569.0, Non-Bite
-5.543481349945068, -0.19068486988544464, 7.995143890380859, 70.0, 54639.0, Non-Bite
-5.51624059677124, -0.108962781727314, 8.036005020141602, 70.0, 54709.0, Non-Bite
-5.475379943847656, -0.217925563454628, 8.117727279663086, 70.0, 54779.0, Non-Bite
-5.434518814086914, 0.0, 8.185829162597656, 70.0, 54849.0, Non-Bite
-5.856749534606934, -0.06810174137353897, 8.158588409423828, 69.0, 54918.0, Non-Bite
-5.434518814086914, -0.06810174137353897, 8.376513481140137, 71.0, 54989.0, Non-Bite
-3.323364734649658, 0.14982382953166962, 8.839605331420898, 69.0, 55058.0, Non-Bite
-1.8659876585006714, 0.19068486988544464, 9.071151733398438, 70.0, 55129.0, Non-Bite
-0.217925563454628, -0.06810174137353897, 9.765789031982422, 70.0, 55199.0, Non-Bite
-0.40861043334007263, -0.44947147369384766, 9.72492790222168, 70.0, 55269.0, Non-Bite
0.44947147369384766, -0.7218784093856812, 9.833890914916992, 69.0, 55338.0, Non-Bite
1.8387469053268433, -0.8036004900932312, 9.765789031982422, 71.0, 55409.0, Non-Bite
1.5254789590835571, -0.8036004900932312, 9.643206596374512, 69.0, 55478.0, Non-Bite
1.6344417333602905, -0.8036004900932312, 9.60234546661377, 71.0, 55549.0, Non-Bite
1.6072009801864624, -0.9942854046821594, 9.684066772460938, 70.0, 55619.0, Non-Bite
0.953424334526062, -1.0215260982513428, 9.643206596374512, 69.0, 55688.0, Non-Bite
1.7161637544631958, -0.871702253818512, 9.684066772460938, 70.0, 55758.0, Non-Bite
1.334794044494629, -0.6810173988342285, 9.60234546661377, 70.0, 55828.0, Non-Bite
1.2530720233917236, -0.7627394795417786, 9.684066772460938, 70.0, 55898.0, Non-Bite
1.103248119354248, -0.8036004900932312, 9.915613174438477, 70.0, 55968.0, Non-Bite
0.953424334526062, -1.1849702596664429, 10.188019752502441, 70.0, 56038.0, Non-Bite
-0.0, -0.4903325140476227, 9.997335433959961, 71.0, 56109.0, Non-Bite
-1.2939330339431763, 0.44947147369384766, 9.5342435836792, 69.0, 56178.0, Non-Bite
-0.953424334526062, 0.8036004900932312, 9.384419441223145, 70.0, 56248.0, Non-Bite
-2.5197644233703613, 0.9125633239746094, 8.539958000183105, 70.0, 56318.0, Non-Bite
-3.323364734649658, 0.9942854046821594, 8.962188720703125, 70.0, 56388.0, Non-Bite
-2.8330323696136475, 0.9125633239746094, 9.220975875854492, 70.0, 56458.0, Non-Bite
-2.642347574234009, 0.34050869941711426, 9.575104713439941, 70.0, 56528.0, Non-Bite
-1.7978858947753906, 0.29964765906333923, 9.833890914916992, 70.0, 56598.0, Non-Bite
1.6753027439117432, -0.29964765906333923, 10.106298446655273, 70.0, 56668.0, Non-Bite
0.7218784093856812, -0.34050869941711426, 9.643206596374512, 70.0, 56738.0, Non-Bite
0.108962781727314, -0.8308411836624146, 10.610250473022461, 70.0, 56808.0, Non-Bite
-2.0975334644317627, -0.3813697397708893, 10.1471586227417, 71.0, 56879.0, Non-Bite
-6.6603498458862305, 0.6129156351089478, 6.769312858581543, 70.0, 56949.0, Non-Bite
-2.941995143890381, 0.3813697397708893, 9.384419441223145, 70.0, 57019.0, Non-Bite
-3.473188638687134, 0.2587866187095642, 8.308412551879883, 69.0, 57088.0, Non-Bite
-3.6366329193115234, 0.44947147369384766, 7.845320224761963, 71.0, 57159.0, Non-Bite
-4.2086873054504395, 0.6810173988342285, 8.921327590942383, 70.0, 57229.0, Non-Bite
-4.780742168426514, -0.3813697397708893, 8.26755142211914, 70.0, 57299.0, Non-Bite
-2.6014864444732666, -1.5254789590835571, 10.446806907653809, 70.0, 57368.0, Non-Bite
-2.2882184982299805, -1.2530720233917236, 9.60234546661377, 70.0, 57439.0, Non-Bite
-1.9477096796035767, -1.5254789590835571, 9.915613174438477, 70.0, 57508.0, Non-Bite
-2.0975334644317627, -1.6753027439117432, 9.833890914916992, 70.0, 57579.0, Non-Bite
-0.217925563454628, -1.4165161848068237, 9.60234546661377, 70.0, 57649.0, Non-Bite
1.103248119354248, -0.6401563286781311, 9.997335433959961, 70.0, 57719.0, Non-Bite
0.217925563454628, 0.14982382953166962, 9.384419441223145, 70.0, 57789.0, Non-Bite
0.06810174137353897, 0.44947147369384766, 9.643206596374512, 70.0, 57858.0, Non-Bite
-1.6753027439117432, 1.2939330339431763, 8.88046646118164, 69.0, 57928.0, Non-Bite
-1.8387469053268433, 1.0623871088027954, 10.106298446655273, 70.0, 57999.0, Non-Bite
-2.751310348510742, 1.0215260982513428, 10.21526050567627, 70.0, 58069.0, Non-Bite
-0.06810174137353897, 0.19068486988544464, 9.152873992919922, 70.0, 58139.0, Non-Bite
-0.5720546245574951, -0.3813697397708893, 10.48766803741455, 70.0, 58209.0, Non-Bite
-1.4165161848068237, 1.0623871088027954, 9.874752044677734, 69.0, 58278.0, Non-Bite
-1.1441092491149902, 0.953424334526062, 9.684066772460938, 70.0, 58349.0, Non-Bite
-1.0623871088027954, 0.14982382953166962, 9.72492790222168, 70.0, 58419.0, Non-Bite
-1.334794044494629, -0.4903325140476227, 9.452521324157715, 70.0, 58489.0, Non-Bite
-0.9942854046821594, -1.4165161848068237, 9.343558311462402, 69.0, 58558.0, Non-Bite
-1.5254789590835571, -1.8387469053268433, 9.11201286315918, 70.0, 58629.0, Non-Bite
-1.334794044494629, -4.167826175689697, 10.21526050567627, 70.0, 58699.0, Non-Bite
1.6072009801864624, -3.4459478855133057, 9.874752044677734, 70.0, 58769.0, Non-Bite
0.34050869941711426, -2.7921712398529053, 9.997335433959961, 70.0, 58839.0, Non-Bite
-3.8681788444519043, -1.0623871088027954, 9.152873992919922, 69.0, 58908.0, Non-Bite
-2.6014864444732666, -0.06810174137353897, 9.220975875854492, 70.0, 58979.0, Non-Bite
-0.9942854046821594, -0.953424334526062, 9.874752044677734, 70.0, 59049.0, Non-Bite
-0.3813697397708893, -1.103248119354248, 9.874752044677734, 70.0, 59118.0, Non-Bite
-1.2939330339431763, -0.953424334526062, 9.643206596374512, 70.0, 59189.0, Non-Bite
-1.1849702596664429, -0.8308411836624146, 9.643206596374512, 70.0, 59259.0, Non-Bite
-0.9125633239746094, -0.953424334526062, 9.806650161743164, 69.0, 59328.0, Non-Bite
-0.6810173988342285, -0.9125633239746094, 9.806650161743164, 71.0, 59398.0, Non-Bite
-1.4437568187713623, -0.953424334526062, 9.833890914916992, 70.0, 59469.0, Non-Bite
-0.8308411836624146, -0.44947147369384766, 9.833890914916992, 70.0, 59539.0, Non-Bite
-3.4459478855133057, -0.7627394795417786, 8.839605331420898, 70.0, 59609.0, Non-Bite
-4.903325080871582, -0.7218784093856812, 8.539958000183105, 70.0, 59679.0, Non-Bite
-5.202972888946533, -0.40861043334007263, 8.458235740661621, 70.0, 59749.0, Non-Bite
-3.7047345638275146, -0.3813697397708893, 8.88046646118164, 70.0, 59819.0, Non-Bite
-3.554910659790039, -0.40861043334007263, 8.771504402160645, 70.0, 59889.0, Non-Bite
-3.5957717895507813, -0.6810173988342285, 9.071151733398438, 70.0, 59959.0, Non-Bite
-3.6366329193115234, -0.8036004900932312, 9.11201286315918, 70.0, 60029.0, Non-Bite
-3.514049768447876, -0.6401563286781311, 9.193735122680664, 70.0, 60099.0, Non-Bite
-2.982856035232544, -0.5311935544013977, 9.261836051940918, 70.0, 60169.0, Non-Bite
-2.6014864444732666, -0.7218784093856812, 9.452521324157715, 70.0, 60239.0, Non-Bite
-2.2473573684692383, -0.6810173988342285, 9.60234546661377, 69.0, 60308.0, Non-Bite
-1.6753027439117432, -0.7218784093856812, 9.5342435836792, 70.0, 60378.0, Non-Bite
-1.6072009801864624, -0.6401563286781311, 9.833890914916992, 70.0, 60448.0, Non-Bite
-1.5663399696350098, -0.6810173988342285, 9.575104713439941, 70.0, 60518.0, Non-Bite
-1.4846179485321045, -0.8036004900932312, 9.643206596374512, 70.0, 60588.0, Non-Bite
-1.8387469053268433, -0.953424334526062, 9.575104713439941, 70.0, 60658.0, Non-Bite
-1.906848669052124, -0.871702253818512, 9.5342435836792, 70.0, 60728.0, Non-Bite
-2.22011661529541, -1.0623871088027954, 9.493382453918457, 70.0, 60798.0, Non-Bite
-0.6129156351089478, -1.6344417333602905, 9.915613174438477, 70.0, 60868.0, Non-Bite
0.5720546245574951, -1.6753027439117432, 9.997335433959961, 70.0, 60938.0, Non-Bite
-0.44947147369384766, -0.7218784093856812, 9.643206596374512, 70.0, 61008.0, Non-Bite
-1.2258312702178955, -0.0272406954318285, 9.343558311462402, 70.0, 61078.0, Non-Bite
-1.8659876585006714, 0.2587866187095642, 9.60234546661377, 70.0, 61148.0, Non-Bite
-1.6072009801864624, 1.375655174255371, 9.5342435836792, 70.0, 61218.0, Non-Bite
-1.7978858947753906, -0.3813697397708893, 9.72492790222168, 70.0, 61288.0, Non-Bite
-1.334794044494629, -0.9125633239746094, 9.643206596374512, 70.0, 61358.0, Non-Bite
-0.8308411836624146, -0.7627394795417786, 10.024576187133789, 70.0, 61428.0, Non-Bite
-2.5606253147125244, -0.6401563286781311, 9.411660194396973, 70.0, 61498.0, Non-Bite
-1.6344417333602905, -0.6401563286781311, 9.493382453918457, 71.0, 61568.0, Non-Bite
-1.6344417333602905, -0.6129156351089478, 9.5342435836792, 70.0, 61639.0, Non-Bite
-2.6014864444732666, -0.8308411836624146, 9.384419441223145, 69.0, 61708.0, Non-Bite
-1.5254789590835571, -1.2939330339431763, 9.575104713439941, 71.0, 61779.0, Non-Bite
-0.5720546245574951, -1.0623871088027954, 9.72492790222168, 70.0, 61848.0, Non-Bite
1.334794044494629, -1.1441092491149902, 9.684066772460938, 69.0, 61918.0, Non-Bite
2.3290793895721436, -1.0215260982513428, 9.384419441223145, 71.0, 61989.0, Non-Bite
2.9011340141296387, -1.375655174255371, 9.833890914916992, 69.0, 62058.0, Non-Bite
2.982856035232544, -0.9125633239746094, 9.152873992919922, 71.0, 62129.0, Non-Bite
5.434518814086914, -0.29964765906333923, 8.580819129943848, 70.0, 62199.0, Non-Bite
4.590057373046875, -0.5720546245574951, 8.076866149902344, 69.0, 62268.0, Non-Bite
2.9011340141296387, -0.9125633239746094, 9.152873992919922, 70.0, 62338.0, Non-Bite
2.71044921875, -0.7218784093856812, 9.11201286315918, 71.0, 62409.0, Non-Bite
3.8954193592071533, -0.8308411836624146, 8.989429473876953, 69.0, 62478.0, Non-Bite
3.4050869941711426, -0.8308411836624146, 9.071151733398438, 71.0, 62549.0, Non-Bite
3.282503843307495, -0.8036004900932312, 9.071151733398438, 70.0, 62619.0, Non-Bite
3.255263090133667, -0.8308411836624146, 9.11201286315918, 70.0, 62689.0, Non-Bite
3.3642258644104004, -0.6401563286781311, 9.11201286315918, 70.0, 62759.0, Non-Bite
3.0918190479278564, -0.8308411836624146, 9.261836051940918, 70.0, 62829.0, Non-Bite
3.1735410690307617, -0.871702253818512, 9.193735122680664, 70.0, 62899.0, Non-Bite
2.8602731227874756, -0.7627394795417786, 9.30269718170166, 69.0, 62968.0, Non-Bite
2.5606253147125244, -0.7218784093856812, 9.452521324157715, 70.0, 63038.0, Non-Bite
2.0294318199157715, -0.6810173988342285, 9.493382453918457, 71.0, 63109.0, Non-Bite
1.8659876585006714, -0.7627394795417786, 9.411660194396973, 70.0, 63179.0, Non-Bite
1.8387469053268433, -0.8036004900932312, 9.575104713439941, 70.0, 63249.0, Non-Bite
1.6072009801864624, -0.8308411836624146, 9.5342435836792, 69.0, 63318.0, Non-Bite
1.757024884223938, -0.7218784093856812, 9.575104713439941, 71.0, 63389.0, Non-Bite
1.757024884223938, -0.871702253818512, 9.5342435836792, 70.0, 63459.0, Non-Bite
2.0294318199157715, -0.8036004900932312, 9.643206596374512, 69.0, 63528.0, Non-Bite
1.6753027439117432, -0.8308411836624146, 9.575104713439941, 71.0, 63599.0, Non-Bite
1.4165161848068237, -0.8036004900932312, 9.493382453918457, 70.0, 63669.0, Non-Bite
1.5663399696350098, -0.8308411836624146, 9.5342435836792, 70.0, 63739.0, Non-Bite
1.5663399696350098, -0.9125633239746094, 9.643206596374512, 70.0, 63809.0, Non-Bite
1.5663399696350098, -0.8036004900932312, 9.643206596374512, 69.0, 63878.0, Non-Bite
1.6072009801864624, -0.8308411836624146, 9.575104713439941, 71.0, 63949.0, Non-Bite
1.906848669052124, -0.7627394795417786, 9.684066772460938, 70.0, 64019.0, Non-Bite
1.6072009801864624, -0.8308411836624146, 9.575104713439941, 69.0, 64088.0, Non-Bite
1.6344417333602905, -0.7627394795417786, 9.575104713439941, 71.0, 64159.0, Non-Bite
1.6753027439117432, -0.6810173988342285, 9.60234546661377, 69.0, 64228.0, Non-Bite
1.6344417333602905, -0.8308411836624146, 9.575104713439941, 70.0, 64298.0, Non-Bite
1.7978858947753906, -0.8308411836624146, 9.5342435836792, 71.0, 64369.0, Non-Bite
1.6344417333602905, -0.9125633239746094, 9.575104713439941, 69.0, 64438.0, Non-Bite
1.8387469053268433, -0.953424334526062, 9.5342435836792, 70.0, 64508.0, Non-Bite
1.906848669052124, -0.9125633239746094, 9.643206596374512, 71.0, 64579.0, Non-Bite
1.6753027439117432, -0.871702253818512, 9.5342435836792, 70.0, 64649.0, Non-Bite
1.4165161848068237, -1.0215260982513428, 9.60234546661377, 69.0, 64718.0, Non-Bite
1.5663399696350098, -0.871702253818512, 9.575104713439941, 70.0, 64788.0, Non-Bite
1.906848669052124, -0.7627394795417786, 9.60234546661377, 71.0, 64858.0, Non-Bite
1.8659876585006714, -0.953424334526062, 9.575104713439941, 69.0, 64928.0, Non-Bite
1.7978858947753906, -1.2530720233917236, 9.493382453918457, 71.0, 64999.0, Non-Bite
1.757024884223938, -0.9942854046821594, 9.575104713439941, 70.0, 65069.0, Non-Bite
1.4846179485321045, -0.871702253818512, 9.643206596374512, 70.0, 65139.0, Non-Bite
1.757024884223938, -0.953424334526062, 9.575104713439941, 87.0, 65226.0, Non-Bite
1.7978858947753906, -1.103248119354248, 9.643206596374512, 52.0, 65278.0, Non-Bite
1.2258312702178955, -1.0623871088027954, 9.806650161743164, 70.0, 65349.0, Non-Bite
1.4165161848068237, -0.8308411836624146, 9.806650161743164, 70.0, 65419.0, Non-Bite
1.4165161848068237, -0.9125633239746094, 9.575104713439941, 69.0, 65488.0, Non-Bite
0.9125633239746094, -1.0623871088027954, 9.643206596374512, 71.0, 65559.0, Non-Bite
0.8308411836624146, -0.8036004900932312, 9.72492790222168, 70.0, 65629.0, Non-Bite
1.1441092491149902, -0.7627394795417786, 9.5342435836792, 70.0, 65698.0, Non-Bite
1.1441092491149902, -0.871702253818512, 9.643206596374512, 69.0, 65768.0, Non-Bite
1.2258312702178955, -0.871702253818512, 9.643206596374512, 71.0, 65839.0, Non-Bite
1.2258312702178955, -0.9125633239746094, 9.684066772460938, 69.0, 65908.0, Non-Bite
1.2939330339431763, -0.871702253818512, 9.72492790222168, 70.0, 65978.0, Non-Bite
1.2530720233917236, -0.8308411836624146, 9.684066772460938, 71.0, 66049.0, Non-Bite
1.2530720233917236, -0.871702253818512, 9.643206596374512, 70.0, 66119.0, Non-Bite
1.1441092491149902, -0.7627394795417786, 9.60234546661377, 69.0, 66188.0, Non-Bite
1.1849702596664429, -0.8308411836624146, 9.765789031982422, 71.0, 66259.0, Non-Bite
1.334794044494629, -0.8308411836624146, 9.60234546661377, 69.0, 66328.0, Non-Bite
1.2939330339431763, -0.7218784093856812, 9.575104713439941, 71.0, 66399.0, Non-Bite
1.1849702596664429, -0.8036004900932312, 9.60234546661377, 70.0, 66469.0, Non-Bite
1.334794044494629, -0.871702253818512, 9.60234546661377, 69.0, 66538.0, Non-Bite
1.5254789590835571, -0.7218784093856812, 9.60234546661377, 71.0, 66609.0, Non-Bite
1.5254789590835571, -0.871702253818512, 9.575104713439941, 70.0, 66679.0, Non-Bite
2.138394594192505, -0.8036004900932312, 9.575104713439941, 70.0, 66749.0, Non-Bite
1.757024884223938, -0.8308411836624146, 9.411660194396973, 70.0, 66819.0, Non-Bite
1.9885708093643188, -0.7627394795417786, 9.493382453918457, 69.0, 66888.0, Non-Bite
1.9477096796035767, -0.7627394795417786, 9.493382453918457, 69.0, 66958.0, Non-Bite
2.138394594192505, -0.8308411836624146, 9.5342435836792, 70.0, 67028.0, Non-Bite
2.179255723953247, -0.8308411836624146, 9.452521324157715, 71.0, 67098.0, Non-Bite
1.906848669052124, -1.4165161848068237, 9.452521324157715, 70.0, 67169.0, Non-Bite
1.757024884223938, -0.9125633239746094, 9.384419441223145, 69.0, 67238.0, Non-Bite
2.0566725730895996, -0.9125633239746094, 9.411660194396973, 71.0, 67309.0, Non-Bite
2.0566725730895996, -0.871702253818512, 9.575104713439941, 69.0, 67378.0, Non-Bite
1.9885708093643188, -0.8308411836624146, 9.452521324157715, 71.0, 67449.0, Non-Bite
1.9885708093643188, -0.8308411836624146, 9.493382453918457, 69.0, 67518.0, Non-Bite
1.9885708093643188, -0.9125633239746094, 9.493382453918457, 70.0, 67588.0, Non-Bite
1.9477096796035767, -0.8308411836624146, 9.493382453918457, 71.0, 67658.0, Non-Bite
2.0294318199157715, -0.871702253818512, 9.575104713439941, 70.0, 67729.0, Non-Bite
2.22011661529541, -1.2530720233917236, 9.684066772460938, 70.0, 67799.0, Non-Bite
1.7161637544631958, -3.0645782947540283, 9.575104713439941, 70.0, 67869.0, Non-Bite
-0.108962781727314, -2.642347574234009, 9.60234546661377, 70.0, 67938.0, Non-Bite
-0.4903325140476227, -0.19068486988544464, 8.349272727966309, 70.0, 68008.0, Non-Bite
0.217925563454628, 0.6810173988342285, 9.220975875854492, 70.0, 68079.0, Non-Bite
-0.871702253818512, 1.2258312702178955, 8.608059883117676, 70.0, 68149.0, Non-Bite
-0.0, 2.8330323696136475, 10.48766803741455, 70.0, 68219.0, Non-Bite
-1.8387469053268433, 2.6014864444732666, 8.730643272399902, 70.0, 68289.0, Non-Bite
-1.334794044494629, 2.642347574234009, 9.152873992919922, 70.0, 68359.0, Non-Bite
-1.8659876585006714, 2.410801649093628, 10.337843894958496, 70.0, 68429.0, Non-Bite
-4.399372100830078, 2.8330323696136475, 10.528529167175293, 70.0, 68499.0, Non-Bite
-4.44023323059082, 3.7047345638275146, 10.337843894958496, 70.0, 68569.0, Non-Bite
-4.821603298187256, 4.630918025970459, 9.643206596374512, 70.0, 68639.0, Non-Bite
-4.086104393005371, 4.699019908905029, 10.21526050567627, 70.0, 68709.0, Non-Bite
-3.8681788444519043, 5.393657684326172, 8.499096870422363, 69.0, 68778.0, Non-Bite
-3.1735410690307617, 5.815888404846191, 8.539958000183105, 71.0, 68849.0, Non-Bite
-2.669588088989258, 6.197257995605469, 6.6194891929626465, 69.0, 68918.0, Non-Bite
-1.2530720233917236, 6.769312858581543, 7.15068244934082, 71.0, 68989.0, Non-Bite
-1.2258312702178955, 7.886181354522705, 5.734166622161865, 70.0, 69059.0, Non-Bite
-1.4437568187713623, 9.411660194396973, 4.508335113525391, 70.0, 69129.0, Non-Bite
-1.8387469053268433, 7.041719913482666, 1.334794044494629, 70.0, 69199.0, Non-Bite
1.375655174255371, 6.129156589508057, 0.6810173988342285, 69.0, 69268.0, Non-Bite
-14.314985275268555, -2.5606253147125244, 2.669588088989258, 70.0, 69338.0, Non-Bite
19.34089469909668, 0.6129156351089478, 2.0566725730895996, 71.0, 69409.0, Non-Bite
9.956474304199219, -2.3290793895721436, -1.906848669052124, 70.0, 69479.0, Non-Bite
8.989429473876953, 0.0272406954318285, -6.347082138061523, 70.0, 69549.0, Non-Bite
10.41956615447998, -0.7627394795417786, -3.023717164993286, 70.0, 69619.0, Non-Bite
6.238119125366211, 0.7627394795417786, -1.1441092491149902, 70.0, 69689.0, Non-Bite
4.699019908905029, 1.6344417333602905, -0.34050869941711426, 70.0, 69759.0, Non-Bite
-0.8036004900932312, 2.3699405193328857, -0.8308411836624146, 70.0, 69829.0, Non-Bite
-5.162111759185791, 2.6014864444732666, 0.4903325140476227, 70.0, 69899.0, Non-Bite
-16.085630416870117, -1.5254789590835571, 1.2258312702178955, 70.0, 69969.0, Non-Bite
-19.4907169342041, -5.3119354248046875, -0.06810174137353897, 70.0, 70039.0, Non-Bite
-19.640541076660156, -2.9011340141296387, -4.358511447906494, 70.0, 70109.0, Non-Bite
-19.640541076660156, 1.1849702596664429, 0.8036004900932312, 69.0, 70178.0, Non-Bite
-19.640541076660156, -1.1441092491149902, 3.8681788444519043, 71.0, 70249.0, Non-Bite
-6.6194891929626465, 4.4810943603515625, 7.354987621307373, 72.0, 70321.0, Non-Bite
2.0294318199157715, 11.441092491149902, 3.9771416187286377, 68.0, 70389.0, Non-Bite
7.736357688903809, 17.188879013061523, -0.14982382953166962, 70.0, 70459.0, Non-Bite
-2.9011340141296387, 4.971426963806152, 4.7398810386657715, 69.0, 70528.0, Non-Bite
-3.023717164993286, -15.813223838806152, 7.000858783721924, 70.0, 70598.0, Non-Bite
-3.023717164993286, -3.3642258644104004, 3.5957717895507813, 70.0, 70668.0, Non-Bite
1.1849702596664429, 7.314126491546631, 1.2939330339431763, 70.0, 70739.0, Non-Bite
4.358511447906494, 6.959997653961182, 5.393657684326172, 70.0, 70808.0, Non-Bite
0.9125633239746094, 5.094009876251221, 3.554910659790039, 70.0, 70879.0, Non-Bite
0.29964765906333923, 3.282503843307495, 2.5606253147125244, 70.0, 70949.0, Non-Bite
-1.9477096796035767, 3.78645658493042, 1.5254789590835571, 70.0, 71019.0, Non-Bite
-2.751310348510742, 2.8602731227874756, 4.821603298187256, 70.0, 71089.0, Non-Bite
-6.278980255126953, 1.4846179485321045, 12.666923522949219, 70.0, 71159.0, Non-Bite
-4.671779155731201, 2.7921712398529053, 15.200307846069336, 69.0, 71228.0, Non-Bite
-3.514049768447876, 2.0975334644317627, 15.894946098327637, 70.0, 71298.0, Non-Bite
-1.4437568187713623, 1.2258312702178955, 11.985905647277832, 71.0, 71369.0, Non-Bite
-1.1849702596664429, -0.8036004900932312, 9.684066772460938, 70.0, 71439.0, Non-Bite
-1.2939330339431763, -2.138394594192505, 8.499096870422363, 69.0, 71508.0, Non-Bite
-0.0, -3.0918190479278564, 10.024576187133789, 71.0, 71579.0, Non-Bite
5.856749534606934, -1.334794044494629, 8.26755142211914, 70.0, 71649.0, Non-Bite
2.0566725730895996, -0.7218784093856812, 8.158588409423828, 70.0, 71719.0, Non-Bite
4.590057373046875, -0.871702253818512, 9.493382453918457, 69.0, 71788.0, Non-Bite
3.8681788444519043, -1.0623871088027954, 9.452521324157715, 71.0, 71859.0, Non-Bite
3.554910659790039, -0.8308411836624146, 9.11201286315918, 70.0, 71929.0, Non-Bite
3.323364734649658, 0.19068486988544464, 9.193735122680664, 70.0, 71999.0, Non-Bite
2.941995143890381, 1.0215260982513428, 8.921327590942383, 70.0, 72069.0, Non-Bite
2.5197644233703613, 1.2258312702178955, 9.030290603637695, 69.0, 72138.0, Non-Bite
2.6014864444732666, 1.1441092491149902, 9.261836051940918, 71.0, 72209.0, Non-Bite
2.451662540435791, 1.0215260982513428, 9.261836051940918, 70.0, 72279.0, Non-Bite
1.8387469053268433, 0.9942854046821594, 9.220975875854492, 70.0, 72349.0, Non-Bite
1.8387469053268433, 0.871702253818512, 9.452521324157715, 69.0, 72418.0, Non-Bite
2.0294318199157715, 0.953424334526062, 9.5342435836792, 71.0, 72489.0, Non-Bite
2.0294318199157715, 0.953424334526062, 9.452521324157715, 69.0, 72558.0, Non-Bite
2.138394594192505, 0.953424334526062, 9.343558311462402, 70.0, 72629.0, Non-Bite
2.0975334644317627, 0.8036004900932312, 9.452521324157715, 70.0, 72699.0, Non-Bite
1.9885708093643188, 0.9125633239746094, 9.384419441223145, 70.0, 72769.0, Non-Bite
1.8659876585006714, 0.9942854046821594, 9.384419441223145, 70.0, 72839.0, Non-Bite
1.8387469053268433, 0.9125633239746094, 9.452521324157715, 70.0, 72909.0, Non-Bite
1.906848669052124, 0.8308411836624146, 9.452521324157715, 70.0, 72979.0, Non-Bite
1.906848669052124, 0.9125633239746094, 9.493382453918457, 70.0, 73049.0, Non-Bite
2.0975334644317627, 0.7627394795417786, 8.349272727966309, 70.0, 73119.0, Non-Bite
2.3290793895721436, 0.6401563286781311, 9.261836051940918, 83.0, 73202.0, Non-Bite
