elapsed,x,y,z
8358.0,-1.8659876585006716,1.4165161848068235,9.411660194396973
8428.0,-2.5606253147125244,1.6753027439117432,9.261836051940918
8498.0,-1.9885708093643188,1.906848669052124,8.839605331420898
8568.0,-3.4459478855133057,2.0566725730896,8.539958000183105
8638.0,-1.6072009801864624,2.1792557239532466,8.962188720703125
8708.0,-2.0294318199157715,1.9477096796035769,8.730643272399902
8778.0,-1.906848669052124,1.7161637544631958,8.608059883117676
8848.0,-1.4437568187713623,1.7161637544631958,9.220975875854492
8918.0,-0.8308411836624146,1.906848669052124,9.384419441223145
8988.0,-0.9942854046821594,1.6072009801864624,9.452521324157717
9058.0,-2.329079389572144,1.0215260982513428,10.21526050567627
9128.0,0.10896278172731401,1.1441092491149902,9.071151733398438
9198.0,-0.7627394795417786,1.1849702596664429,9.684066772460938
9268.0,-2.860273122787476,0.8036004900932312,9.765789031982422
9338.0,-3.936280488967896,0.7627394795417786,8.771504402160645
9408.0,-3.936280488967896,0.7627394795417786,9.493382453918457
9478.0,-5.856749534606934,0.9125633239746094,8.798744201660156
9548.0,-6.3470821380615225,0.9125633239746094,7.736357688903809
9618.0,-7.232404708862305,1.0215260982513428,7.382228374481201
9688.0,-8.458235740661621,1.6072009801864624,7.000858783721924
9758.0,-8.539958000183105,1.7978858947753906,5.897610664367676
9828.0,-8.376513481140138,2.138394594192505,5.706925868988037
9898.0,-8.036005020141603,2.3699405193328857,4.699019908905028
9968.0,-7.504811763763428,2.71044921875,3.78645658493042
10038.0,-6.047434329986572,2.8330323696136475,4.290409564971924
10108.0,-6.469665050506593,3.0918190479278564,4.317650318145752
10178.0,-6.9327569007873535,3.282503843307495,3.4459478855133057
10248.0,-8.226690292358397,3.5549106597900386,3.255263090133667
10326.0,-8.68978214263916,3.3642258644104004,3.5957717895507812
10388.0,-8.076866149902344,3.6774938106536874,3.255263090133667
10458.0,-7.613774299621582,3.473188638687134,3.895419359207153
10528.0,-7.967903614044189,3.214401960372925,4.358511447906493
10598.0,-8.349272727966309,3.78645658493042,2.9011340141296387
10668.0,-8.730643272399902,4.167826175689696,1.3756551742553709
10738.0,-6.701210975646973,4.018002510070802,2.982856035232544
10808.0,-7.041719913482666,3.704734563827514,3.895419359207153
10878.0,-6.510526180267334,3.214401960372925,4.971426963806152
10948.0,-5.012288093566895,2.6695880889892583,6.891895771026611
11018.0,-5.775027275085449,2.5606253147125244,7.382228374481201
11088.0,-5.243834018707275,2.5606253147125244,8.499096870422362
18228.0,1.2530720233917236,-0.8036004900932312,9.684066772460938
18298.0,1.1441092491149902,-0.9942854046821594,9.684066772460938
18368.0,0.953424334526062,-0.9942854046821594,9.643206596374512
18438.0,0.8717022538185121,-0.953424334526062,9.643206596374512
18508.0,1.1849702596664429,-1.0623871088027954,9.765789031982422
18578.0,0.9942854046821594,-1.0623871088027954,9.60234546661377
18648.0,1.0215260982513428,-0.9942854046821594,9.493382453918457
18718.0,1.3756551742553709,-0.6810173988342285,9.806650161743164
18788.0,1.0623871088027954,-0.953424334526062,9.5342435836792
18858.0,1.2258312702178955,-1.1441092491149902,9.643206596374512
18928.0,1.5254789590835571,-0.6810173988342285,9.95647430419922
18998.0,0.953424334526062,-1.2939330339431765,9.833890914916992
19068.0,0.4903325140476227,-0.8717022538185121,9.60234546661377
19138.0,0.6401563286781311,-1.1849702596664429,9.915613174438477
19208.0,-0.4903325140476227,-1.103248119354248,9.72492790222168
19278.0,-0.8036004900932312,-0.8308411836624146,9.643206596374512
19348.0,-1.5254789590835571,-0.8036004900932312,9.643206596374512
19418.0,-0.6401563286781311,-0.6401563286781311,10.296982765197754
19488.0,-2.451662540435791,-0.6129156351089478,10.569390296936037
19559.0,-5.856749534606934,-0.0272406954318285,7.463950634002685
19628.0,-7.654635429382324,0.8308411836624146,5.815888404846191
19698.0,-7.927042484283447,1.5663399696350098,5.2846951484680185
19767.0,-8.117727279663086,1.6072009801864624,4.630918025970459
19838.0,-7.545672416687013,1.8659876585006716,4.903325080871582
19908.0,-8.158588409423826,2.451662540435791,4.903325080871582
19978.0,-8.158588409423826,2.138394594192505,4.780742168426514
20048.0,-7.041719913482666,2.0975334644317627,5.475379943847656
20118.0,-8.921327590942383,2.478903293609619,4.44023323059082
20188.0,-7.4230895042419425,2.138394594192505,5.393657684326172
20258.0,-4.93056583404541,2.3699405193328857,8.458235740661621
20328.0,-2.3699405193328857,2.3699405193328857,8.68978214263916
20398.0,-2.7921712398529053,2.8330323696136475,8.989429473876953
20468.0,-2.1792557239532466,2.2882184982299805,9.411660194396973
20538.0,-2.22011661529541,2.138394594192505,9.411660194396973
20608.0,-2.0975334644317627,2.22011661529541,8.921327590942383
20678.0,-2.5606253147125244,2.2882184982299805,9.11201286315918
20748.0,-2.0975334644317627,2.410801649093628,9.030290603637695
20818.0,-1.4846179485321045,2.138394594192505,8.076866149902344
20888.0,-1.9885708093643188,2.3699405193328857,11.985905647277832
20958.0,-0.8717022538185121,1.3756551742553709,8.226690292358397
29428.0,-0.953424334526062,-1.1441092491149902,9.684066772460938
29498.0,-0.7627394795417786,-1.103248119354248,9.765789031982422
29568.0,-1.0623871088027954,-0.8717022538185121,9.684066772460938
29638.0,-0.953424334526062,-0.9125633239746094,9.684066772460938
29708.0,-1.0623871088027954,-0.953424334526062,9.684066772460938
29778.0,-1.2939330339431765,-1.1849702596664429,9.643206596374512
29848.0,-0.953424334526062,-0.9942854046821594,9.684066772460938
29918.0,-1.1441092491149902,-0.953424334526062,9.684066772460938
29988.0,-0.9942854046821594,-1.0215260982513428,9.765789031982422
30058.0,-1.0623871088027954,-1.0215260982513428,9.765789031982422
30128.0,-1.4437568187713623,-1.0215260982513428,9.643206596374512
30198.0,-1.2530720233917236,-0.9942854046821594,9.765789031982422
30268.0,-1.2258312702178955,-0.9942854046821594,9.874752044677734
30338.0,-1.7978858947753906,-1.1441092491149902,9.60234546661377
30408.0,-2.9419951438903813,-0.9125633239746094,9.220975875854492
30478.0,-2.7513103485107417,-1.4165161848068235,8.648921012878418
30548.0,-4.058863639831543,-0.8717022538185121,9.57510471343994
30618.0,-3.704734563827514,-0.8036004900932312,8.88046646118164
30688.0,-3.323364734649658,-1.1441092491149902,9.833890914916992
30758.0,-5.202972888946533,-0.6401563286781311,8.458235740661621
30828.0,-7.314126491546631,-0.3813697397708893,5.734166622161865
30898.0,-11.563674926757812,0.3813697397708893,2.1792557239532466
30968.0,-9.874752044677734,0.7218784093856812,1.9477096796035769
31038.0,-11.10058307647705,0.6401563286781311,1.6344417333602903
31108.0,-8.921327590942383,0.6129156351089478,3.3642258644104004
31178.0,-8.962188720703125,1.6753027439117432,3.4050869941711426
31248.0,-5.543481349945068,2.22011661529541,5.815888404846191
31318.0,-2.0294318199157715,2.5606253147125244,7.613774299621582
31388.0,-1.3756551742553709,3.214401960372925,8.349272727966309
31458.0,-1.5663399696350098,3.023717164993286,8.376513481140138
31528.0,-0.5720546245574951,2.7921712398529053,9.384419441223145
31598.0,-1.8387469053268437,2.451662540435791,9.806650161743164
31674.0,-0.4903325140476227,2.2473573684692383,8.308412551879883
31738.0,-0.8717022538185121,2.6014864444732666,8.608059883117676
31808.0,-0.9942854046821594,2.0975334644317627,12.026766777038574
31878.0,1.3347940444946291,2.2473573684692383,8.158588409423826
31948.0,-3.3642258644104004,1.4846179485321045,8.771504402160645
32018.0,-6.9599976539611825,1.7978858947753906,8.580819129943848
32088.0,-8.117727279663086,2.2882184982299805,7.1915435791015625
32158.0,-8.921327590942383,2.2882184982299805,5.706925868988037
41188.0,0.34050869941711426,-1.103248119354248,9.806650161743164
41258.0,0.29964765906333923,-1.2939330339431765,10.106298446655273
41328.0,-0.0,-1.4437568187713623,9.874752044677734
41398.0,-0.19068486988544464,-1.3347940444946291,9.997335433959961
41468.0,-0.0272406954318285,-1.2939330339431765,10.065437316894533
41538.0,-0.2587866187095642,-0.8308411836624146,10.106298446655273
41608.0,-1.8387469053268437,-0.19068486988544464,9.411660194396973
41678.0,-3.0918190479278564,0.0272406954318285,9.261836051940918
41748.0,-4.590057373046875,0.34050869941711426,8.036005020141603
41818.0,-3.827317714691162,-0.21792556345462802,7.9951438903808585
41888.0,-4.671779155731201,0.06810174137353897,8.376513481140138
41958.0,-4.821603298187256,-0.2587866187095642,8.68978214263916
42028.0,-5.202972888946533,-0.34050869941711426,8.417374610900879
42098.0,-6.156397342681885,0.0,7.463950634002685
42168.0,-6.769312858581543,0.19068486988544464,6.742072105407715
42238.0,-6.319841384887695,0.0272406954318285,7.613774299621582
42308.0,-5.434518814086914,-0.40861043334007263,7.9951438903808585
42378.0,-5.2846951484680185,-0.8717022538185121,8.417374610900879
42448.0,-6.278980255126952,-0.4903325140476227,7.4230895042419425
42518.0,-7.504811763763428,-0.4494714736938477,7.123441696166992
42588.0,-9.030290603637695,-0.40861043334007263,4.699019908905028
42658.0,-10.569390296936037,0.29964765906333923,3.1326799392700195
42728.0,-9.72492790222168,0.7218784093856812,2.982856035232544
42798.0,-9.684066772460938,1.1441092491149902,4.058863639831543
42868.0,-8.68978214263916,1.3347940444946291,3.9771416187286377
42938.0,-4.739881038665772,1.7978858947753906,6.742072105407715
43008.0,-0.9942854046821594,2.451662540435791,8.076866149902344
43078.0,-0.6401563286781311,2.6695880889892583,8.88046646118164
43148.0,0.10896278172731401,2.3699405193328857,9.193735122680664
43218.0,-0.953424334526062,2.451662540435791,9.384419441223145
43288.0,-0.34050869941711426,2.2882184982299805,8.771504402160645
43358.0,-0.2587866187095642,2.2473573684692383,9.11201286315918
43428.0,0.29964765906333923,1.7570248842239382,9.874752044677734
43498.0,-1.4437568187713623,2.138394594192505,9.30269718170166
43568.0,-1.1441092491149902,2.329079389572144,6.660349845886231
43638.0,0.06810174137353897,1.2939330339431765,9.60234546661377
43708.0,0.953424334526062,1.8659876585006716,9.071151733398438
43778.0,-3.1326799392700195,1.9885708093643188,10.719213485717773
43848.0,-4.699019908905028,2.6014864444732666,8.076866149902344
43918.0,-6.891895771026611,2.5197644233703613,6.319841384887695
51758.0,0.5720546245574951,-0.8036004900932312,10.21526050567627
51828.0,0.10896278172731401,-1.1849702596664429,9.57510471343994
51898.0,0.19068486988544464,-1.1849702596664429,9.643206596374512
51968.0,0.3813697397708893,-0.953424334526062,9.684066772460938
52038.0,0.3813697397708893,-0.953424334526062,9.60234546661377
52108.0,0.40861043334007263,-1.0215260982513428,9.72492790222168
52178.0,0.2587866187095642,-1.0215260982513428,9.60234546661377
52248.0,0.3813697397708893,-0.9942854046821594,9.765789031982422
52318.0,0.2587866187095642,-1.0215260982513428,9.643206596374512
52388.0,0.5311935544013977,-0.9942854046821594,9.72492790222168
52458.0,0.29964765906333923,-1.0215260982513428,9.833890914916992
52528.0,0.9125633239746094,-1.3347940444946291,10.41956615447998
52598.0,0.0272406954318285,-1.7978858947753906,10.610250473022461
52668.0,-1.103248119354248,-1.4846179485321045,9.193735122680664
52738.0,-1.5663399696350098,-0.7218784093856812,9.5342435836792
52808.0,-0.9942854046821594,-0.0272406954318285,9.833890914916992
52878.0,-3.78645658493042,0.29964765906333923,8.648921012878418
52948.0,-4.4810943603515625,0.4903325140476227,8.076866149902344
53018.0,-4.018002510070802,0.14982382953166962,8.308412551879883
53088.0,-5.965712070465088,-0.14982382953166962,8.921327590942383
53158.0,-8.158588409423826,-0.10896278172731401,5.924851417541504
53228.0,-10.637491226196287,0.6129156351089478,3.282503843307495
53298.0,-9.193735122680664,0.8717022538185121,4.699019908905028
53368.0,-8.499096870422362,1.2530720233917236,4.93056583404541
53438.0,-7.545672416687013,1.9477096796035769,5.012288093566895
53508.0,-0.8717022538185121,2.0566725730896,8.185829162597656
53578.0,-2.2473573684692383,2.5606253147125244,8.076866149902344
53648.0,-1.2530720233917236,2.22011661529541,8.580819129943848
53718.0,-1.1441092491149902,1.6072009801864624,9.833890914916992
53788.0,-2.9011340141296387,1.6344417333602903,8.771504402160645
53858.0,-0.9942854046821594,1.4165161848068235,8.962188720703125
53928.0,-0.9125633239746094,1.103248119354248,11.10058307647705
53998.0,-2.0294318199157715,1.6753027439117432,9.95647430419922
54068.0,-1.6072009801864624,2.138394594192505,9.261836051940918
54138.0,-1.5663399696350098,2.22011661529541,8.349272727966309
54208.0,-1.3756551742553709,1.9477096796035769,8.921327590942383
54278.0,-0.5311935544013977,1.8387469053268437,9.261836051940918
54348.0,-1.6072009801864624,1.7570248842239382,10.024576187133787
54418.0,-2.3699405193328857,2.0294318199157715,9.071151733398438
54488.0,-0.5720546245574951,1.7570248842239382,8.608059883117676
55328.0,-2.2473573684692383,1.8387469053268437,9.384419441223145
55398.0,-1.3347940444946291,1.8659876585006716,9.5342435836792
55468.0,-1.8387469053268437,2.2473573684692383,8.989429473876953
55538.0,-1.906848669052124,1.8659876585006716,8.458235740661621
55608.0,-1.4846179485321045,1.4165161848068235,9.452521324157717
55678.0,-1.3347940444946291,1.6344417333602903,9.684066772460938
55748.0,-1.4846179485321045,1.5663399696350098,8.730643272399902
55818.0,-1.2939330339431765,1.2530720233917236,10.48766803741455
55888.0,0.29964765906333923,1.4165161848068235,8.798744201660156
55958.0,-3.1735410690307617,1.6072009801864624,8.962188720703125
56028.0,-4.018002510070802,1.1849702596664429,9.684066772460938
56098.0,-8.158588409423826,1.7570248842239382,6.238119125366211
56168.0,-7.314126491546631,1.906848669052124,5.924851417541504
56238.0,-9.343558311462402,1.7978858947753906,4.167826175689696
56308.0,-10.21526050567627,2.410801649093628,2.8330323696136475
56378.0,-9.261836051940918,2.8330323696136475,1.9885708093643188
56448.0,-8.730643272399902,2.8330323696136475,1.6753027439117432
56518.0,-7.545672416687013,2.9419951438903813,2.329079389572144
56588.0,-7.613774299621582,3.1326799392700195,2.0975334644317627
56658.0,-8.376513481140138,3.473188638687134,1.7161637544631958
56728.0,-8.117727279663086,3.78645658493042,2.329079389572144
56798.0,-8.076866149902344,3.473188638687134,2.6695880889892583
56868.0,-7.9951438903808585,3.5957717895507812,2.1792557239532466
56938.0,-7.613774299621582,3.473188638687134,2.2473573684692383
57008.0,-7.123441696166992,3.1735410690307617,0.8036004900932312
57078.0,-6.891895771026611,3.1735410690307617,0.4903325140476227
57148.0,-7.354987621307372,2.1792557239532466,1.4846179485321045
57218.0,-11.10058307647705,1.1849702596664429,1.9885708093643188
57288.0,-10.828176498413086,0.0272406954318285,3.895419359207153
57358.0,-9.343558311462402,-0.14982382953166962,5.311935424804688
57428.0,-7.082581043243407,-0.2587866187095642,6.197257995605469
57498.0,-7.382228374481201,-0.14982382953166962,6.1291565895080575
57568.0,-8.117727279663086,0.10896278172731401,6.42880392074585
57638.0,-8.499096870422362,0.06810174137353897,7.545672416687013
57708.0,-6.319841384887695,-0.4494714736938477,7.7635979652404785
57778.0,-5.625203609466553,-0.4494714736938477,7.4230895042419425
57848.0,-4.739881038665772,0.0,7.654635429382324
57918.0,-3.745595693588257,-0.4494714736938477,8.349272727966309
57988.0,-4.20868730545044,-0.5720546245574951,9.643206596374512
58058.0,-1.3347940444946291,-0.8308411836624146,9.261836051940918
63658.0,-0.06810174137353897,-1.0623871088027954,9.643206596374512
63728.0,-0.0272406954318285,-1.0623871088027954,9.833890914916992
63798.0,-0.10896278172731401,-0.953424334526062,9.833890914916992
63868.0,-0.21792556345462802,-1.0623871088027954,9.806650161743164
63938.0,-0.7218784093856812,-1.103248119354248,9.57510471343994
64008.0,-0.7627394795417786,-1.0215260982513428,9.411660194396973
64078.0,-0.40861043334007263,-0.953424334526062,9.72492790222168
64148.0,-0.7218784093856812,-0.8308411836624146,9.72492790222168
64218.0,-0.4494714736938477,-1.0215260982513428,9.765789031982422
64288.0,-0.6401563286781311,-0.8308411836624146,9.806650161743164
64358.0,-1.0623871088027954,-1.1849702596664429,10.024576187133787
64428.0,-1.8387469053268437,-1.0623871088027954,9.72492790222168
64498.0,-2.3699405193328857,-0.8717022538185121,9.684066772460938
64568.0,-2.71044921875,-0.6401563286781311,9.684066772460938
64638.0,-5.393657684326172,-0.19068486988544464,7.736357688903809
64708.0,-6.278980255126952,-0.06810174137353897,6.578628063201903
64778.0,-5.775027275085449,-0.4494714736938477,8.267551422119139
64848.0,-5.243834018707275,-0.7627394795417786,7.9951438903808585
64918.0,-6.810173988342285,-0.4903325140476227,7.504811763763428
64988.0,-6.810173988342285,-0.5311935544013977,7.041719913482666
65058.0,-8.158588409423826,-0.14982382953166962,5.965712070465088
65128.0,-9.384419441223145,-0.06810174137353897,4.20868730545044
65198.0,-9.5342435836792,0.0272406954318285,4.399372100830078
65268.0,-10.528529167175293,0.5311935544013977,4.317650318145752
65338.0,-7.695496559143066,1.0623871088027954,5.706925868988037
65407.0,-5.625203609466553,1.6344417333602903,6.769312858581543
65479.0,-2.71044921875,2.5606253147125244,7.7635979652404785
65548.0,-1.4165161848068235,2.7921712398529053,8.308412551879883
65618.0,-2.451662540435791,3.0645782947540283,8.771504402160645
65688.0,-1.9477096796035769,2.451662540435791,8.608059883117676
65758.0,-1.5254789590835571,2.3699405193328857,8.730643272399902
65828.0,-0.19068486988544464,1.9885708093643188,9.220975875854492
65898.0,-1.103248119354248,1.9885708093643188,9.997335433959961
65968.0,-1.6344417333602903,2.1792557239532466,8.962188720703125
66038.0,-1.103248119354248,1.9885708093643188,9.152873992919922
66108.0,-1.9885708093643188,2.5197644233703613,10.528529167175293
66178.0,-1.103248119354248,1.6072009801864624,9.384419441223145
66248.0,-1.5663399696350098,1.3756551742553709,9.220975875854492
66318.0,-5.924851417541504,1.6753027439117432,9.11201286315918
66388.0,-6.851035118103027,2.2882184982299805,8.117727279663086
74158.0,-0.8717022538185121,-0.953424334526062,9.684066772460938
74228.0,-0.953424334526062,-0.8036004900932312,9.684066772460938
74298.0,-0.7627394795417786,-0.953424334526062,9.643206596374512
74368.0,-0.9125633239746094,-0.9942854046821594,9.684066772460938
74438.0,-0.9125633239746094,-0.953424334526062,9.643206596374512
74508.0,-0.8308411836624146,-0.8717022538185121,9.72492790222168
74578.0,-0.9125633239746094,-0.8308411836624146,9.684066772460938
74648.0,-1.0623871088027954,-0.9942854046821594,9.60234546661377
74718.0,-0.9125633239746094,-1.0215260982513428,9.684066772460938
74788.0,-1.4165161848068235,-0.8036004900932312,9.60234546661377
74858.0,-0.34050869941711426,-1.0215260982513428,9.874752044677734
74928.0,-0.953424334526062,-1.2530720233917236,9.72492790222168
74998.0,-1.1441092491149902,-0.8308411836624146,9.60234546661377
75068.0,-0.8308411836624146,-0.8717022538185121,9.806650161743164
75138.0,-1.1441092491149902,-0.8717022538185121,9.806650161743164
75208.0,-1.4165161848068235,-1.0215260982513428,10.18801975250244
75278.0,-1.4165161848068235,-1.103248119354248,10.21526050567627
75350.0,-2.3699405193328857,-0.7218784093856812,9.57510471343994
75418.0,-3.636632919311523,-0.40861043334007263,9.152873992919922
75488.0,-6.3470821380615225,-0.06810174137353897,7.1915435791015625
75558.0,-6.1291565895080575,0.0272406954318285,6.3470821380615225
75628.0,-6.851035118103027,-0.29964765906333923,6.238119125366211
75698.0,-7.463950634002685,-0.10896278172731401,6.891895771026611
75768.0,-7.545672416687013,-0.34050869941711426,6.319841384887695
75838.0,-8.417374610900879,-0.34050869941711426,5.202972888946533
75908.0,-10.1471586227417,-0.5311935544013977,2.7921712398529053
75978.0,-10.337843894958496,0.40861043334007263,2.2473573684692383
76048.0,-9.452521324157717,0.9942854046821594,3.473188638687134
76118.0,-8.989429473876953,1.103248119354248,4.671779155731201
76188.0,-9.343558311462402,1.5254789590835571,4.249548435211182
76258.0,-7.886181354522705,1.4165161848068235,5.2846951484680185
76328.0,-8.117727279663086,2.0566725730896,5.706925868988037
76398.0,-4.086104393005371,2.5197644233703613,6.810173988342285
76468.0,-2.8330323696136475,2.9011340141296387,7.736357688903809
76538.0,-2.478903293609619,3.3642258644104004,7.695496559143066
76608.0,-1.4846179485321045,2.982856035232544,8.376513481140138
76678.0,-0.8717022538185121,3.023717164993286,8.771504402160645
76748.0,-2.5606253147125244,3.0918190479278564,8.88046646118164
76818.0,-2.22011661529541,2.8330323696136475,9.11201286315918
76888.0,-1.1441092491149902,2.3699405193328857,10.18801975250244
83888.0,-0.0272406954318285,-0.9942854046821594,9.643206596374512
83958.0,-0.06810174137353897,-0.953424334526062,9.765789031982422
84028.0,-0.19068486988544464,-0.9942854046821594,9.684066772460938
84098.0,-0.0272406954318285,-0.9125633239746094,9.765789031982422
84168.0,-0.19068486988544464,-0.9125633239746094,9.72492790222168
84238.0,-0.10896278172731401,-0.953424334526062,9.72492790222168
84308.0,-0.0,-0.9125633239746094,9.684066772460938
84378.0,-0.14982382953166962,-0.9125633239746094,9.684066772460938
84448.0,-0.06810174137353897,-0.953424334526062,9.765789031982422
84518.0,-0.0,-0.9942854046821594,9.684066772460938
84588.0,-0.0272406954318285,-0.9125633239746094,9.95647430419922
84658.0,-0.29964765906333923,-1.0623871088027954,10.024576187133787
84728.0,-0.9125633239746094,-1.4846179485321045,10.18801975250244
84798.0,-1.1849702596664429,-1.2258312702178955,9.684066772460938
84868.0,-1.4437568187713623,-0.8308411836624146,9.874752044677734
84938.0,-1.5254789590835571,-0.40861043334007263,9.5342435836792
85008.0,-1.8659876585006716,-0.2587866187095642,9.152873992919922
85078.0,-2.0566725730896,-0.3813697397708893,9.11201286315918
85148.0,-3.473188638687134,-0.8717022538185121,9.261836051940918
85218.0,-5.012288093566895,0.0272406954318285,8.839605331420898
85288.0,-6.42880392074585,0.34050869941711426,6.3470821380615225
85358.0,-6.278980255126952,0.21792556345462802,7.845320224761963
85428.0,-6.3470821380615225,-0.14982382953166962,7.736357688903809
85498.0,-6.769312858581543,-0.10896278172731401,7.000858783721924
85568.0,-6.278980255126952,-0.3813697397708893,7.1915435791015625
85638.0,-6.769312858581543,-0.3813697397708893,6.810173988342285
85708.0,-6.9327569007873535,-0.3813697397708893,6.3879432678222665
85778.0,-8.839605331420898,0.14982382953166962,3.636632919311523
85848.0,-11.182305335998537,0.06810174137353897,2.410801649093628
85918.0,-9.997335433959961,0.10896278172731401,3.023717164993286
85988.0,-10.90989875793457,0.6129156351089478,4.126965522766113
86058.0,-9.72492790222168,0.6810173988342285,3.6774938106536874
86128.0,-5.856749534606934,1.5254789590835571,5.625203609466553
86198.0,-4.630918025970459,2.8330323696136475,6.891895771026611
86268.0,-1.9885708093643188,3.023717164993286,7.545672416687013
86338.0,-1.4846179485321045,3.255263090133667,7.7635979652404785
86408.0,-0.19068486988544464,2.7513103485107417,8.608059883117676
86478.0,-0.5720546245574951,2.6695880889892583,9.261836051940918
86548.0,-0.21792556345462802,2.478903293609619,9.57510471343994
86618.0,-1.0623871088027954,2.410801649093628,9.684066772460938
87458.0,-9.493382453918457,3.023717164993286,1.4165161848068235
87528.0,-9.152873992919922,3.3642258644104004,1.0623871088027954
87598.0,-8.539958000183105,3.282503843307495,1.0623871088027954
87668.0,-8.226690292358397,3.323364734649658,1.1441092491149902
87738.0,-8.376513481140138,3.868178844451904,0.7218784093856812
87808.0,-7.9951438903808585,4.126965522766113,0.8308411836624146
87878.0,-8.580819129943848,4.4810943603515625,0.5720546245574951
87948.0,-8.226690292358397,4.20868730545044,1.3347940444946291
88018.0,-8.68978214263916,4.126965522766113,1.6753027439117432
88088.0,-7.927042484283447,3.5957717895507812,2.451662540435791
88158.0,-7.654635429382324,3.704734563827514,1.103248119354248
88228.0,-6.619489192962647,3.4050869941711426,1.5663399696350098
88298.0,-6.891895771026611,3.473188638687134,-0.9125633239746094
88368.0,-9.411660194396973,2.6014864444732666,-0.6401563286781311
88438.0,-10.256121635437012,1.103248119354248,0.9942854046821594
88508.0,-11.141444206237793,0.5720546245574951,3.3642258644104004
88578.0,-10.065437316894533,-0.0272406954318285,4.086104393005371
88648.0,-8.989429473876953,0.5311935544013977,4.549196243286133
88718.0,-9.11201286315918,0.34050869941711426,4.358511447906493
88788.0,-9.452521324157717,-0.0272406954318285,4.780742168426514
88858.0,-7.613774299621582,-0.5311935544013977,6.1291565895080575
88928.0,-7.613774299621582,-0.3813697397708893,8.076866149902344
88998.0,-5.202972888946533,0.5720546245574951,7.845320224761963
89068.0,-4.971426963806152,1.0623871088027954,6.469665050506593
89138.0,-5.202972888946533,-0.5720546245574951,7.273265838623048
89208.0,-3.4459478855133057,-0.6810173988342285,9.684066772460938
89278.0,-1.1849702596664429,-1.2530720233917236,8.117727279663086
89348.0,-1.0215260982513428,-2.7513103485107417,7.57291316986084
89418.0,-0.2587866187095642,-0.6401563286781311,9.95647430419922
89488.0,0.14982382953166962,-0.7627394795417786,9.915613174438477
89558.0,0.34050869941711426,-0.8717022538185121,9.684066772460938
89628.0,0.8717022538185121,-0.9125633239746094,9.643206596374512
89698.0,0.3813697397708893,-0.9942854046821594,9.72492790222168
89768.0,0.5311935544013977,-0.8717022538185121,9.806650161743164
89838.0,0.40861043334007263,-0.8717022538185121,9.643206596374512
89908.0,0.6129156351089478,-0.9942854046821594,9.72492790222168
89978.0,0.2587866187095642,-0.953424334526062,9.765789031982422
90048.0,0.953424334526062,-0.7627394795417786,9.765789031982422
90118.0,0.40861043334007263,-0.8036004900932312,9.806650161743164
90188.0,0.6129156351089478,-0.953424334526062,9.643206596374512
94038.0,-0.6401563286781311,-0.7627394795417786,9.684066772460938
94108.0,-0.5720546245574951,-0.9125633239746094,9.765789031982422
94178.0,-0.6129156351089478,-0.9125633239746094,9.72492790222168
94248.0,-0.4494714736938477,-0.9125633239746094,9.72492790222168
94318.0,-0.4903325140476227,-0.9125633239746094,9.684066772460938
94388.0,-0.6129156351089478,-0.8308411836624146,9.806650161743164
94458.0,-0.5720546245574951,-1.0215260982513428,9.72492790222168
94528.0,-0.4903325140476227,-0.953424334526062,9.72492790222168
94598.0,-0.5720546245574951,-0.9125633239746094,9.684066772460938
94668.0,-0.6129156351089478,-0.8308411836624146,9.72492790222168
94738.0,-0.6129156351089478,-0.953424334526062,9.684066772460938
94808.0,-0.5720546245574951,-0.8717022538185121,9.806650161743164
94878.0,-0.5311935544013977,-0.8717022538185121,9.765789031982422
94948.0,-0.7218784093856812,-0.9125633239746094,9.72492790222168
95018.0,-0.6129156351089478,-0.9942854046821594,9.765789031982422
95088.0,-0.8036004900932312,-1.0215260982513428,10.065437316894533
95158.0,-1.4165161848068235,-0.9942854046821594,10.869037628173828
95228.0,-2.478903293609619,-1.1849702596664429,9.60234546661377
95298.0,-3.745595693588257,-0.4903325140476227,8.771504402160645
95368.0,-5.2846951484680185,0.0272406954318285,7.845320224761963
95438.0,-6.851035118103027,0.06810174137353897,6.42880392074585
95509.0,-7.000858783721924,0.14982382953166962,6.047434329986572
95578.0,-6.769312858581543,0.10896278172731401,6.619489192962647
95648.0,-7.4230895042419425,-0.2587866187095642,5.625203609466553
95718.0,-8.076866149902344,0.21792556345462802,5.706925868988037
95788.0,-9.60234546661377,-0.19068486988544464,2.5197644233703613
95858.0,-11.836082458496096,0.5311935544013977,1.8387469053268437
95928.0,-9.95647430419922,0.5311935544013977,2.860273122787476
95998.0,-10.719213485717773,1.103248119354248,2.22011661529541
96068.0,-7.1915435791015625,1.1849702596664429,4.971426963806152
96138.0,-5.51624059677124,1.9477096796035769,6.197257995605469
96208.0,-3.868178844451904,2.7513103485107417,7.354987621307372
96278.0,-1.9885708093643188,2.5606253147125244,8.158588409423826
96348.0,-2.71044921875,2.8330323696136475,7.695496559143066
96418.0,-2.2882184982299805,2.7921712398529053,7.967903614044189
96488.0,-2.6423475742340092,2.5197644233703613,8.499096870422362
96558.0,-2.451662540435791,2.5606253147125244,8.962188720703125
96628.0,-4.44023323059082,2.7921712398529053,9.452521324157717
96698.0,-3.1326799392700195,2.5197644233703613,9.193735122680664
96768.0,-3.4459478855133057,2.1792557239532466,8.730643272399902
104888.0,-1.4846179485321045,-0.8308411836624146,9.60234546661377
104958.0,-1.4846179485321045,-0.9125633239746094,9.643206596374512
105028.0,-1.5254789590835571,-0.953424334526062,9.60234546661377
105098.0,-1.3347940444946291,-0.9942854046821594,9.60234546661377
105168.0,-1.4846179485321045,-0.8717022538185121,9.643206596374512
105238.0,-1.3347940444946291,-0.9125633239746094,9.684066772460938
105308.0,-1.4437568187713623,-0.953424334526062,9.57510471343994
105378.0,-1.2939330339431765,-0.953424334526062,9.643206596374512
105448.0,-1.5254789590835571,-0.8717022538185121,9.684066772460938
105518.0,-1.4165161848068235,-0.9125633239746094,9.643206596374512
105588.0,-1.4437568187713623,-0.9942854046821594,9.60234546661377
105658.0,-1.7570248842239382,-0.8717022538185121,9.452521324157717
105728.0,-1.6072009801864624,-0.953424334526062,9.684066772460938
105798.0,-1.7570248842239382,-0.8717022538185121,9.765789031982422
105868.0,-1.7978858947753906,-1.4437568187713623,10.256121635437012
105938.0,-1.906848669052124,-1.4165161848068235,10.106298446655273
106008.0,-3.6774938106536874,-0.9125633239746094,8.771504402160645
106078.0,-5.434518814086914,-0.14982382953166962,7.927042484283447
106148.0,-5.434518814086914,-0.0272406954318285,7.804459095001222
106218.0,-6.537766933441162,0.29964765906333923,6.537766933441162
106288.0,-7.382228374481201,0.6810173988342285,5.666064739227295
106358.0,-7.314126491546631,0.2587866187095642,6.0882954597473145
106428.0,-7.736357688903809,-0.10896278172731401,5.625203609466553
106498.0,-8.226690292358397,0.06810174137353897,4.971426963806152
106568.0,-10.637491226196287,0.0272406954318285,3.1326799392700195
106638.0,-13.211737632751465,0.6401563286781311,0.40861043334007263
106708.0,-9.57510471343994,0.7218784093856812,1.906848669052124
106778.0,-9.833890914916992,1.2939330339431765,3.895419359207153
106848.0,-5.815888404846191,1.7570248842239382,5.706925868988037
106918.0,-2.2882184982299805,2.7921712398529053,7.123441696166992
106988.0,-1.7978858947753906,3.214401960372925,7.57291316986084
107058.0,-0.0,2.3699405193328857,8.989429473876953
107128.0,-0.6810173988342285,2.2882184982299805,9.193735122680664
107198.0,0.21792556345462802,1.8659876585006716,9.493382453918457
107268.0,0.21792556345462802,1.6753027439117432,9.765789031982422
107338.0,-0.8308411836624146,1.8659876585006716,7.927042484283447
107408.0,-1.906848669052124,1.3347940444946291,11.713499069213867
107478.0,0.8308411836624146,1.5663399696350098,10.21526050567627
107548.0,2.0975334644317627,1.3756551742553709,9.384419441223145
107618.0,-1.3756551742553709,1.5254789590835571,10.337843894958496
118608.0,-1.9477096796035769,-0.953424334526062,10.378705024719238
118678.0,-1.0215260982513428,0.9942854046821594,8.458235740661621
118748.0,-0.19068486988544464,1.9885708093643188,7.845320224761963
118818.0,-1.0215260982513428,2.860273122787476,7.314126491546631
118888.0,-0.8717022538185121,2.329079389572144,9.193735122680664
118958.0,-0.21792556345462802,1.6072009801864624,8.962188720703125
119028.0,-0.21792556345462802,1.3756551742553709,10.256121635437012
119098.0,-1.7978858947753906,1.4437568187713623,9.95647430419922
119168.0,-1.6072009801864624,1.1849702596664429,9.684066772460938
119238.0,-1.3756551742553709,1.2258312702178955,9.72492790222168
119308.0,-1.2530720233917236,1.1849702596664429,9.261836051940918
119378.0,-1.0623871088027954,1.2939330339431765,9.643206596374512
119448.0,-1.4165161848068235,1.0623871088027954,9.493382453918457
119518.0,-1.0215260982513428,1.103248119354248,9.57510471343994
119588.0,-0.8036004900932312,0.8308411836624146,9.60234546661377
119658.0,-0.953424334526062,0.7218784093856812,9.997335433959961
119728.0,-0.40861043334007263,0.8308411836624146,10.719213485717773
119798.0,-0.6129156351089478,1.0623871088027954,10.48766803741455
119868.0,-4.86246395111084,1.7978858947753906,7.967903614044189
119938.0,-5.734166622161865,3.0645782947540283,7.463950634002685
120008.0,-7.123441696166992,3.5957717895507812,6.0882954597473145
120078.0,-8.226690292358397,4.20868730545044,4.290409564971924
120148.0,-7.967903614044189,4.126965522766113,3.4459478855133057
120218.0,-7.545672416687013,4.5083351135253915,2.9419951438903813
120289.0,-6.510526180267334,4.590057373046875,2.7513103485107417
120358.0,-6.278980255126952,5.012288093566895,2.5606253147125244
120694.0,-7.463950634002685,5.311935424804688,2.138394594192505
120702.0,-7.613774299621582,5.51624059677124,1.6753027439117432
120705.0,-7.545672416687013,5.311935424804688,2.410801649093628
120709.0,-7.273265838623048,5.5843424797058105,2.410801649093628
120723.0,-6.810173988342285,5.35279655456543,2.2882184982299805
120778.0,-7.314126491546631,5.475379943847656,1.1849702596664429
120848.0,-7.041719913482666,4.821603298187256,1.7570248842239382
120918.0,-8.185829162597656,4.358511447906493,1.5254789590835571
120988.0,-5.543481349945068,5.202972888946533,1.4846179485321045
121058.0,-2.2882184982299805,2.3699405193328857,6.469665050506593
121128.0,-2.8330323696136475,0.9942854046821594,9.997335433959961
121198.0,-1.4846179485321045,-0.14982382953166962,10.991621017456056
121268.0,-0.4903325140476227,-0.5311935544013977,11.75436019897461
121338.0,0.6810173988342285,-1.5663399696350098,11.223166465759276
127708.0,-0.0,-1.8387469053268437,10.719213485717773
127778.0,-0.4494714736938477,-0.953424334526062,11.223166465759276
127848.0,-1.2530720233917236,-1.1849702596664429,10.528529167175293
127918.0,-0.7218784093856812,-0.34050869941711426,9.071151733398438
127988.0,0.21792556345462802,0.4903325140476227,8.580819129943848
128058.0,-0.0272406954318285,0.9942854046821594,8.376513481140138
128128.0,-0.0272406954318285,1.1849702596664429,9.493382453918457
128198.0,0.10896278172731401,1.3347940444946291,9.343558311462402
128268.0,-0.0272406954318285,1.5254789590835571,9.11201286315918
128338.0,-0.7218784093856812,1.103248119354248,9.220975875854492
128408.0,-1.2258312702178955,0.6401563286781311,9.997335433959961
128478.0,-1.1849702596664429,0.7627394795417786,9.684066772460938
128548.0,-0.9125633239746094,0.6401563286781311,9.915613174438477
128618.0,-0.8308411836624146,0.8036004900932312,9.452521324157717
128688.0,-0.40861043334007263,0.5720546245574951,9.72492790222168
128758.0,-1.103248119354248,0.6401563286781311,9.765789031982422
128828.0,-0.4903325140476227,0.4494714736938477,10.378705024719238
128898.0,-0.8036004900932312,0.8036004900932312,10.18801975250244
128968.0,-3.4050869941711426,1.4846179485321045,9.193735122680664
129038.0,-4.249548435211182,1.8387469053268437,7.967903614044189
129108.0,-7.654635429382324,2.3699405193328857,6.156397342681885
129187.0,-10.337843894958496,2.7921712398529053,5.121250629425049
129258.0,-9.261836051940918,3.0645782947540283,3.827317714691162
129328.0,-8.267551422119139,3.1326799392700195,2.410801649093628
129398.0,-7.504811763763428,2.860273122787476,2.6423475742340092
129468.0,-7.123441696166992,2.860273122787476,3.255263090133667
129538.0,-7.9951438903808585,3.5140497684478764,2.6423475742340092
129608.0,-8.349272727966309,3.827317714691162,2.8330323696136475
129678.0,-9.071151733398438,4.086104393005371,1.906848669052124
129748.0,-8.771504402160645,3.895419359207153,2.7513103485107417
129818.0,-7.545672416687013,3.704734563827514,3.6774938106536874
129888.0,-7.695496559143066,3.636632919311523,2.329079389572144
129958.0,-7.927042484283447,3.5957717895507812,1.9885708093643188
130028.0,-5.202972888946533,3.868178844451904,3.827317714691162
130098.0,-4.739881038665772,3.827317714691162,4.44023323059082
130168.0,-2.7921712398529053,1.6344417333602903,8.185829162597656
130238.0,-6.278980255126952,1.2258312702178955,8.921327590942383
130308.0,-5.51624059677124,-0.34050869941711426,10.256121635437012
130378.0,-5.311935424804688,0.34050869941711426,11.33212947845459
130448.0,-2.138394594192505,-0.21792556345462802,11.33212947845459
137378.0,-0.0272406954318285,-0.9125633239746094,9.765789031982422
137448.0,0.19068486988544464,-1.103248119354248,9.643206596374512
137518.0,0.0272406954318285,-0.8717022538185121,10.065437316894533
137588.0,-0.14982382953166962,-1.2258312702178955,10.446806907653807
137658.0,-0.0,-1.6344417333602903,11.481952667236328
137728.0,-2.329079389572144,-0.8308411836624146,10.256121635437012
137798.0,-1.7978858947753906,-0.0272406954318285,9.030290603637695
137868.0,-2.0294318199157715,1.2258312702178955,8.308412551879883
137938.0,-2.478903293609619,1.4846179485321045,8.580819129943848
138008.0,-2.22011661529541,1.0623871088027954,8.376513481140138
138078.0,-2.860273122787476,0.4903325140476227,9.57510471343994
138148.0,-2.1792557239532466,0.6129156351089478,9.493382453918457
138218.0,-3.0645782947540283,0.4903325140476227,9.95647430419922
138288.0,-3.3642258644104004,0.5720546245574951,9.030290603637695
138358.0,-2.3699405193328857,0.6810173988342285,9.030290603637695
138428.0,-2.982856035232544,0.7627394795417786,9.30269718170166
138498.0,-2.478903293609619,0.6810173988342285,9.411660194396973
138568.0,-2.982856035232544,0.5720546245574951,9.765789031982422
138638.0,-3.473188638687134,0.9125633239746094,9.874752044677734
138708.0,-4.903325080871582,1.2939330339431765,9.193735122680664
138778.0,-8.349272727966309,2.71044921875,6.047434329986572
138848.0,-10.18801975250244,3.214401960372925,3.9771416187286377
138918.0,-9.452521324157717,3.214401960372925,2.329079389572144
138988.0,-8.608059883117676,3.323364734649658,1.4165161848068235
139058.0,-7.1915435791015625,3.0645782947540283,1.5663399696350098
139128.0,-6.769312858581543,3.282503843307495,1.9885708093643188
139198.0,-7.927042484283447,3.704734563827514,1.6072009801864624
139268.0,-8.608059883117676,4.018002510070802,1.5254789590835571
139338.0,-9.220975875854492,4.167826175689696,1.4846179485321045
139408.0,-8.580819129943848,4.126965522766113,2.5197644233703613
139478.0,-8.376513481140138,4.126965522766113,2.5606253147125244
139548.0,-7.1915435791015625,4.167826175689696,2.860273122787476
139618.0,-6.3470821380615225,4.018002510070802,2.7513103485107417
139688.0,-3.282503843307495,4.126965522766113,2.9011340141296387
139758.0,-0.6401563286781311,4.018002510070802,6.701210975646973
139828.0,-5.202972888946533,1.5663399696350098,9.452521324157717
139898.0,-4.167826175689696,-0.06810174137353897,11.481952667236328
139968.0,-3.78645658493042,-0.7218784093856812,11.250407218933104
140038.0,-1.6072009801864624,-1.103248119354248,11.03248119354248
140108.0,-0.4494714736938477,-0.3813697397708893,10.48766803741455
146478.0,-0.8036004900932312,-1.5254789590835571,10.41956615447998
146548.0,-1.7161637544631958,-1.7570248842239382,10.800935745239258
146618.0,-2.451662540435791,-1.103248119354248,10.18801975250244
146688.0,-2.5606253147125244,-0.2587866187095642,9.343558311462402
146758.0,-2.138394594192505,0.40861043334007263,8.349272727966309
146828.0,-2.0566725730896,1.1441092491149902,8.648921012878418
146898.0,-1.5663399696350098,1.1441092491149902,8.771504402160645
146968.0,-1.0623871088027954,0.9942854046821594,9.411660194396973
147038.0,-0.7218784093856812,0.6810173988342285,9.60234546661377
147109.0,-1.3756551742553709,0.7627394795417786,9.493382453918457
147178.0,-1.6753027439117432,0.6810173988342285,9.493382453918457
147248.0,-2.138394594192505,0.5720546245574951,9.997335433959961
147318.0,-1.4846179485321045,0.7218784093856812,9.60234546661377
147388.0,-1.5254789590835571,0.6810173988342285,9.261836051940918
147458.0,-2.329079389572144,0.8717022538185121,9.261836051940918
147528.0,-2.6014864444732666,0.8036004900932312,9.493382453918457
147598.0,-3.0645782947540283,0.9125633239746094,9.493382453918457
147668.0,-2.0294318199157715,0.5720546245574951,10.296982765197754
147738.0,-2.0294318199157715,0.7218784093856812,10.337843894958496
147808.0,-3.6774938106536874,1.0215260982513428,9.384419441223145
147878.0,-7.886181354522705,2.2882184982299805,6.42880392074585
147948.0,-8.539958000183105,2.7513103485107417,4.971426963806152
148018.0,-8.68978214263916,3.282503843307495,4.086104393005371
148088.0,-8.499096870422362,3.745595693588257,3.023717164993286
148158.0,-8.349272727966309,3.895419359207153,2.7513103485107417
148228.0,-7.382228374481201,3.827317714691162,3.0645782947540283
148298.0,-7.273265838623048,4.058863639831543,3.282503843307495
148368.0,-6.660349845886231,4.358511447906493,3.323364734649658
148438.0,-7.354987621307372,4.86246395111084,3.0918190479278564
148508.0,-7.463950634002685,5.162111759185791,3.6774938106536874
148578.0,-7.613774299621582,4.971426963806152,3.895419359207153
148648.0,-6.197257995605469,4.780742168426514,4.358511447906493
148718.0,-7.273265838623048,4.290409564971924,4.167826175689696
148788.0,-7.314126491546631,4.44023323059082,3.1735410690307617
148858.0,-7.463950634002685,4.4810943603515625,3.473188638687134
148928.0,-5.625203609466553,4.5083351135253915,3.5549106597900386
148998.0,-5.012288093566895,4.590057373046875,3.827317714691162
149068.0,-1.5663399696350098,3.745595693588257,6.047434329986572
149138.0,-3.023717164993286,1.3756551742553709,10.1471586227417
149208.0,-1.9477096796035769,0.6129156351089478,12.367276191711426
157678.0,-3.4459478855133057,-1.8387469053268437,11.904184341430664
157748.0,-3.0645782947540283,-0.8036004900932312,7.15068244934082
157818.0,-2.410801649093628,2.22011661529541,6.9327569007873535
157888.0,-0.6401563286781311,1.4437568187713623,7.804459095001222
157958.0,-0.4903325140476227,0.9942854046821594,10.065437316894533
158028.0,-1.0215260982513428,0.7627394795417786,9.343558311462402
158098.0,-1.9885708093643188,0.6129156351089478,9.684066772460938
158169.0,-2.1792557239532466,0.8036004900932312,9.411660194396973
158238.0,-1.4437568187713623,0.4903325140476227,10.18801975250244
158308.0,-1.0623871088027954,0.7218784093856812,9.765789031982422
158378.0,-0.9125633239746094,0.8717022538185121,9.72492790222168
158448.0,-2.0975334644317627,0.8717022538185121,9.343558311462402
158518.0,-2.0975334644317627,0.8036004900932312,9.60234546661377
158588.0,-2.2473573684692383,0.6401563286781311,9.343558311462402
158658.0,-2.0294318199157715,0.4903325140476227,9.343558311462402
158728.0,-2.0566725730896,0.5311935544013977,9.411660194396973
158798.0,-1.6753027439117432,0.6129156351089478,9.57510471343994
158868.0,-1.9477096796035769,0.6129156351089478,9.452521324157717
158938.0,-2.0975334644317627,0.5720546245574951,9.765789031982422
159008.0,-4.399372100830078,0.9125633239746094,8.798744201660156
159078.0,-8.376513481140138,1.5254789590835571,5.924851417541504
159148.0,-10.446806907653807,2.2882184982299805,2.982856035232544
159218.0,-9.72492790222168,2.7513103485107417,1.6344417333602903
159288.0,-9.30269718170166,2.860273122787476,0.8717022538185121
159358.0,-8.158588409423826,3.023717164993286,0.6810173988342285
159428.0,-7.736357688903809,3.1326799392700195,0.9125633239746094
159498.0,-7.57291316986084,3.4050869941711426,1.7570248842239382
159568.0,-8.076866149902344,3.868178844451904,1.2530720233917236
159638.0,-9.11201286315918,4.086104393005371,0.4903325140476227
159709.0,-9.11201286315918,3.9771416187286377,0.5311935544013977
159778.0,-9.384419441223145,4.249548435211182,0.4903325140476227
159848.0,-8.839605331420898,3.936280488967896,1.6344417333602903
159918.0,-8.308412551879883,3.9771416187286377,1.7570248842239382
159988.0,-9.384419441223145,4.058863639831543,1.0215260982513428
160058.0,-7.845320224761963,3.745595693588257,1.3347940444946291
160128.0,-7.886181354522705,3.636632919311523,1.8387469053268437
160198.0,-7.613774299621582,3.4050869941711426,1.5254789590835571
160268.0,-7.845320224761963,3.704734563827514,1.7161637544631958
160338.0,-2.3699405193328857,3.5957717895507812,4.018002510070802
160408.0,-3.1326799392700195,0.3813697397708893,9.60234546661377
170068.0,-2.0566725730896,0.19068486988544464,9.57510471343994
170138.0,-0.953424334526062,-0.0272406954318285,10.1471586227417
170208.0,-0.953424334526062,0.21792556345462802,10.256121635437012
170278.0,-1.0215260982513428,-0.0272406954318285,9.833890914916992
170348.0,-2.7921712398529053,0.6129156351089478,8.771504402160645
170418.0,-3.5140497684478764,0.5720546245574951,8.921327590942383
170488.0,-3.5140497684478764,0.40861043334007263,9.493382453918457
170558.0,-3.282503843307495,0.4903325140476227,9.30269718170166
170628.0,-4.086104393005371,0.8308411836624146,8.076866149902344
170698.0,-4.086104393005371,1.103248119354248,8.185829162597656
170768.0,-3.895419359207153,0.9942854046821594,9.11201286315918
170838.0,-3.282503843307495,0.953424334526062,9.220975875854492
170908.0,-3.0918190479278564,1.2939330339431765,8.308412551879883
170978.0,-3.895419359207153,1.4437568187713623,8.158588409423826
171048.0,0.6129156351089478,0.21792556345462802,11.672637939453125
171118.0,-2.0975334644317627,0.6810173988342285,9.384419441223145
171188.0,-0.3813697397708893,0.3813697397708893,9.493382453918457
171258.0,-3.1326799392700195,0.6401563286781311,10.065437316894533
171328.0,-5.35279655456543,1.5254789590835571,8.88046646118164
171398.0,-7.545672416687013,2.329079389572144,7.000858783721924
171468.0,-9.411660194396973,2.6695880889892583,5.121250629425049
171538.0,-9.833890914916992,2.7921712398529053,3.6774938106536874
171618.0,-9.030290603637695,3.214401960372925,2.3699405193328857
171688.0,-8.308412551879883,3.323364734649658,2.138394594192505
171758.0,-7.314126491546631,2.9419951438903813,2.6695880889892583
171828.0,-6.9599976539611825,2.6423475742340092,3.5140497684478764
171898.0,-6.578628063201903,3.214401960372925,3.78645658493042
171968.0,-7.57291316986084,3.636632919311523,3.023717164993286
172038.0,-7.7635979652404785,3.895419359207153,2.3699405193328857
172108.0,-8.921327590942383,3.9771416187286377,2.0566725730896
172178.0,-8.730643272399902,3.78645658493042,2.5197644233703613
172249.0,-6.9327569007873535,3.5957717895507812,2.0975334644317627
172318.0,-4.903325080871582,3.636632919311523,3.282503843307495
172388.0,-3.473188638687134,2.1792557239532466,7.613774299621582
172458.0,-2.138394594192505,1.7978858947753906,9.220975875854492
172528.0,1.7161637544631958,0.7218784093856812,11.291268348693848
172598.0,2.0566725730896,0.14982382953166962,11.372990608215332
172668.0,0.953424334526062,-0.21792556345462802,10.610250473022461
172738.0,1.6344417333602903,-0.9942854046821594,9.684066772460938
172808.0,0.7218784093856812,-0.0272406954318285,9.806650161743164
179948.0,-1.8659876585006716,1.5254789590835571,9.261836051940918
180018.0,-2.478903293609619,0.8717022538185121,9.684066772460938
180088.0,-3.704734563827514,0.6810173988342285,9.193735122680664
180158.0,-3.0918190479278564,0.6401563286781311,8.989429473876953
180228.0,-2.451662540435791,0.4903325140476227,9.806650161743164
180298.0,-3.4050869941711426,0.4903325140476227,9.220975875854492
180367.0,-3.0918190479278564,0.3813697397708893,9.193735122680664
180437.0,-3.936280488967896,0.6129156351089478,9.030290603637695
180508.0,-3.936280488967896,0.4494714736938477,8.839605331420898
180578.0,-3.704734563827514,0.6401563286781311,8.921327590942383
180648.0,-3.4459478855133057,0.6401563286781311,9.193735122680664
180718.0,-3.78645658493042,0.5311935544013977,8.839605331420898
180788.0,-2.982856035232544,0.3813697397708893,9.152873992919922
180858.0,-3.255263090133667,0.4903325140476227,9.384419441223145
180928.0,-2.8330323696136475,0.3813697397708893,9.452521324157717
180998.0,-3.3642258644104004,0.7218784093856812,9.071151733398438
181068.0,-2.7921712398529053,0.953424334526062,9.343558311462402
181138.0,-3.9771416187286377,0.8717022538185121,10.18801975250244
181208.0,-7.845320224761963,1.8659876585006716,8.798744201660156
181278.0,-8.158588409423826,2.8330323696136475,7.041719913482666
181348.0,-7.463950634002685,3.282503843307495,5.856749534606934
181418.0,-5.243834018707275,3.6774938106536874,5.162111759185791
181488.0,-4.126965522766113,3.704734563827514,4.971426963806152
181558.0,-4.549196243286133,4.249548435211182,5.393657684326172
181628.0,-5.51624059677124,4.671779155731201,5.965712070465088
181698.0,-5.475379943847656,5.053149223327637,6.0882954597473145
181768.0,-6.156397342681885,5.475379943847656,5.5843424797058105
181838.0,-6.278980255126952,5.775027275085449,5.243834018707275
181908.0,-5.734166622161865,5.243834018707275,5.543481349945068
181978.0,-4.699019908905028,5.012288093566895,4.86246395111084
182048.0,-3.282503843307495,4.5083351135253915,4.630918025970459
182118.0,-1.906848669052124,3.6774938106536874,6.197257995605469
182188.0,-1.7978858947753906,3.023717164993286,7.504811763763428
182258.0,-4.317650318145752,1.1441092491149902,10.569390296936037
182328.0,-2.982856035232544,-0.3813697397708893,11.904184341430664
182398.0,-1.5254789590835571,-0.40861043334007263,11.604536056518555
182468.0,-1.4165161848068235,-1.0215260982513428,9.343558311462402
182538.0,-0.953424334526062,-3.0918190479278564,9.261836051940918
182608.0,-1.3756551742553709,-0.14982382953166962,9.643206596374512
182678.0,-1.2530720233917236,-0.6129156351089478,9.72492790222168
189958.0,-0.14982382953166962,-0.0272406954318285,9.57510471343994
190028.0,-0.8717022538185121,0.29964765906333923,9.874752044677734
190098.0,-0.3813697397708893,0.2587866187095642,9.684066772460938
190168.0,-0.3813697397708893,0.14982382953166962,9.72492790222168
190238.0,0.14982382953166962,-0.06810174137353897,9.765789031982422
190308.0,0.4903325140476227,-0.3813697397708893,9.643206596374512
190378.0,-0.10896278172731401,-0.0272406954318285,9.5342435836792
190448.0,-0.6401563286781311,-0.29964765906333923,10.065437316894533
190518.0,-0.6129156351089478,-0.19068486988544464,9.452521324157717
190588.0,0.10896278172731401,-0.14982382953166962,9.72492790222168
190658.0,-0.0,0.0272406954318285,9.60234546661377
190728.0,0.19068486988544464,-0.0272406954318285,9.833890914916992
190798.0,-0.0272406954318285,-0.6810173988342285,10.065437316894533
190868.0,-0.21792556345462802,-0.40861043334007263,9.030290603637695
190938.0,1.3347940444946291,-0.10896278172731401,9.30269718170166
191008.0,0.8036004900932312,-0.10896278172731401,9.72492790222168
191078.0,0.8717022538185121,-0.7627394795417786,10.610250473022461
191148.0,0.8036004900932312,-1.103248119354248,11.250407218933104
191218.0,-0.8308411836624146,-0.9125633239746094,11.33212947845459
191288.0,-6.9327569007873535,0.40861043334007263,7.504811763763428
191358.0,-9.997335433959961,2.0294318199157715,4.5083351135253915
191428.0,-7.967903614044189,2.6695880889892583,3.868178844451904
191498.0,-7.000858783721924,3.5140497684478764,4.018002510070802
191568.0,-5.393657684326172,4.399372100830078,4.317650318145752
191638.0,-5.012288093566895,4.549196243286133,4.317650318145752
191708.0,-4.86246395111084,5.012288093566895,4.699019908905028
191778.0,-5.856749534606934,5.2846951484680185,4.780742168426514
191848.0,-6.9599976539611825,5.053149223327637,4.549196243286133
191918.0,-7.123441696166992,5.311935424804688,4.20868730545044
191988.0,-6.278980255126952,5.475379943847656,3.323364734649658
192058.0,-7.927042484283447,5.666064739227295,2.7921712398529053
192128.0,-7.57291316986084,5.243834018707275,3.282503843307495
192198.0,-7.4230895042419425,5.51624059677124,3.214401960372925
192268.0,-7.082581043243407,5.393657684326172,3.936280488967896
192338.0,-7.967903614044189,5.706925868988037,2.5197644233703613
192408.0,-6.3879432678222665,5.475379943847656,4.058863639831543
192478.0,-4.699019908905028,5.121250629425049,4.4810943603515625
192548.0,-2.2882184982299805,5.053149223327637,4.358511447906493
192618.0,1.5254789590835571,4.249548435211182,6.537766933441162
192688.0,-0.6401563286781311,2.71044921875,8.308412551879883
200598.0,-2.22011661529541,0.8036004900932312,8.989429473876953
200668.0,-2.6423475742340092,0.2587866187095642,9.384419441223145
200738.0,-2.329079389572144,-0.14982382953166962,9.915613174438477
200808.0,-1.7161637544631958,-0.19068486988544464,9.57510471343994
200878.0,-1.9477096796035769,-0.10896278172731401,9.57510471343994
200948.0,-2.0975334644317627,-0.3813697397708893,9.765789031982422
201018.0,-2.329079389572144,-0.3813697397708893,9.193735122680664
201088.0,-1.2258312702178955,-0.9942854046821594,10.106298446655273
201158.0,-0.40861043334007263,-0.7627394795417786,9.806650161743164
201228.0,-0.5720546245574951,0.19068486988544464,9.684066772460938
201298.0,-1.2258312702178955,0.4494714736938477,9.765789031982422
201368.0,-2.1792557239532466,0.8308411836624146,9.384419441223145
201438.0,-1.9477096796035769,0.8036004900932312,9.030290603637695
201508.0,-1.5663399696350098,0.6810173988342285,9.030290603637695
201578.0,-1.2258312702178955,0.8308411836624146,9.493382453918457
201648.0,-1.3756551742553709,0.5720546245574951,9.874752044677734
201718.0,-1.1849702596664429,0.5720546245574951,10.528529167175293
201788.0,-0.19068486988544464,0.3813697397708893,10.869037628173828
201858.0,-4.018002510070802,1.2939330339431765,8.349272727966309
201928.0,-6.9599976539611825,2.22011661529541,6.578628063201903
201998.0,-8.376513481140138,2.6695880889892583,5.434518814086914
202068.0,-8.580819129943848,3.214401960372925,4.249548435211182
202138.0,-7.695496559143066,3.5957717895507812,3.5549106597900386
202208.0,-7.654635429382324,3.78645658493042,3.323364734649658
202278.0,-8.117727279663086,3.936280488967896,3.023717164993286
202348.0,-7.7635979652404785,4.20868730545044,2.9419951438903813
202418.0,-7.613774299621582,4.317650318145752,3.0645782947540283
202488.0,-7.845320224761963,4.671779155731201,2.478903293609619
202558.0,-7.695496559143066,4.86246395111084,2.478903293609619
202628.0,-7.4230895042419425,5.094009876251222,2.6014864444732666
202698.0,-7.613774299621582,5.202972888946533,2.5606253147125244
202768.0,-7.967903614044189,5.202972888946533,2.5197644233703613
202838.0,-7.927042484283447,5.734166622161865,2.6014864444732666
202908.0,-7.504811763763428,5.121250629425049,2.860273122787476
202978.0,-7.545672416687013,5.35279655456543,2.71044921875
203048.0,-7.123441696166992,5.51624059677124,2.860273122787476
203118.0,-7.123441696166992,5.625203609466553,2.6695880889892583
203188.0,-7.1915435791015625,5.734166622161865,2.8330323696136475
203258.0,-7.041719913482666,5.5843424797058105,2.860273122787476
203328.0,-7.041719913482666,5.5843424797058105,2.9011340141296387
211238.0,-3.5957717895507812,-0.3813697397708893,9.765789031982422
211308.0,-3.827317714691162,0.19068486988544464,7.845320224761963
211378.0,-3.473188638687134,1.4437568187713623,6.891895771026611
211448.0,-1.9885708093643188,1.6344417333602903,7.654635429382324
211518.0,-1.2258312702178955,1.0623871088027954,8.580819129943848
211588.0,-0.7627394795417786,0.21792556345462802,9.806650161743164
211658.0,-0.4903325140476227,-0.0272406954318285,10.41956615447998
211728.0,-1.3756551742553709,0.14982382953166962,9.765789031982422
211798.0,-2.0566725730896,0.29964765906333923,9.411660194396973
211868.0,-1.7978858947753906,-0.0272406954318285,10.024576187133787
211938.0,-1.8659876585006716,-0.29964765906333923,9.833890914916992
212008.0,-2.451662540435791,-0.2587866187095642,9.343558311462402
212078.0,-2.3699405193328857,-0.2587866187095642,9.452521324157717
212148.0,-2.5197644233703613,-0.14982382953166962,9.684066772460938
212218.0,-2.2882184982299805,-0.40861043334007263,9.72492790222168
212288.0,-2.3699405193328857,-0.40861043334007263,9.833890914916992
212358.0,-2.2882184982299805,-0.4494714736938477,10.528529167175293
212428.0,-3.023717164993286,-0.19068486988544464,10.1471586227417
212498.0,-4.4810943603515625,0.2587866187095642,9.193735122680664
212568.0,-5.51624059677124,1.0623871088027954,6.9599976539611825
212638.0,-8.158588409423826,2.1792557239532466,4.780742168426514
212708.0,-8.308412551879883,2.478903293609619,3.5957717895507812
212778.0,-9.193735122680664,3.214401960372925,2.22011661529541
212848.0,-9.343558311462402,3.636632919311523,1.0215260982513428
212918.0,-9.493382453918457,4.167826175689696,0.06810174137353897
212988.0,-8.308412551879883,4.167826175689696,0.40861043334007263
213058.0,-8.076866149902344,4.399372100830078,0.7218784093856812
213128.0,-7.613774299621582,4.5083351135253915,1.0623871088027954
213198.0,-7.654635429382324,4.971426963806152,1.2939330339431765
213268.0,-7.504811763763428,5.2846951484680185,1.3347940444946291
213338.0,-7.845320224761963,5.202972888946533,1.3756551742553709
213408.0,-8.117727279663086,5.202972888946533,1.2258312702178955
213478.0,-8.458235740661621,5.162111759185791,1.0215260982513428
213548.0,-8.608059883117676,5.202972888946533,1.1849702596664429
213618.0,-7.804459095001222,5.012288093566895,2.138394594192505
213688.0,-7.927042484283447,5.121250629425049,2.6014864444732666
213758.0,-7.4230895042419425,5.202972888946533,2.6695880889892583
213828.0,-8.226690292358397,5.202972888946533,2.6014864444732666
213898.0,-6.047434329986572,4.903325080871582,3.255263090133667
213968.0,-5.625203609466553,5.202972888946533,2.7921712398529053
221398.0,-3.5140497684478764,-0.953424334526062,10.90989875793457
221468.0,-3.9771416187286377,-0.953424334526062,9.60234546661377
221538.0,-4.290409564971924,0.0,8.308412551879883
221608.0,-3.5140497684478764,0.6401563286781311,7.886181354522705
221678.0,-3.0645782947540283,1.4437568187713623,7.927042484283447
221747.0,-1.9885708093643188,0.9942854046821594,9.220975875854492
221818.0,-2.478903293609619,0.34050869941711426,9.643206596374512
221888.0,-1.6072009801864624,-0.0272406954318285,9.193735122680664
221958.0,-2.6695880889892583,-0.14982382953166962,9.261836051940918
222028.0,-2.5606253147125244,0.06810174137353897,9.384419441223145
222098.0,-2.5197644233703613,0.10896278172731401,9.452521324157717
222168.0,-2.6423475742340092,0.14982382953166962,9.643206596374512
222238.0,-2.71044921875,0.0272406954318285,9.493382453918457
222308.0,-2.5606253147125244,-0.06810174137353897,9.57510471343994
222378.0,-2.329079389572144,0.06810174137353897,9.452521324157717
222448.0,-2.2882184982299805,-0.34050869941711426,10.48766803741455
222518.0,-2.6695880889892583,-0.4494714736938477,10.569390296936037
222588.0,-3.282503843307495,0.9125633239746094,8.185829162597656
222658.0,-4.249548435211182,0.5720546245574951,8.730643272399902
222728.0,-7.041719913482666,0.7627394795417786,7.041719913482666
222798.0,-9.152873992919922,1.6344417333602903,5.2846951484680185
222868.0,-10.869037628173828,2.9011340141296387,2.6014864444732666
222938.0,-8.608059883117676,3.5140497684478764,2.0294318199157715
223008.0,-7.4230895042419425,3.9771416187286377,1.4846179485321045
223078.0,-6.578628063201903,3.9771416187286377,1.9477096796035769
223148.0,-7.082581043243407,4.290409564971924,1.4846179485321045
223218.0,-8.158588409423826,5.202972888946533,1.0215260982513428
223288.0,-8.158588409423826,5.162111759185791,1.2258312702178955
223358.0,-7.804459095001222,4.93056583404541,1.6753027439117432
223428.0,-7.804459095001222,5.393657684326172,1.3347940444946291
223498.0,-7.736357688903809,5.51624059677124,1.4437568187713623
223568.0,-6.578628063201903,5.243834018707275,2.22011661529541
223638.0,-5.202972888946533,4.93056583404541,2.9011340141296387
223708.0,-4.5083351135253915,4.290409564971924,3.78645658493042
223778.0,-0.8717022538185121,2.6423475742340092,8.308412551879883
223848.0,-4.086104393005371,0.34050869941711426,11.059721946716307
223918.0,-0.6401563286781311,0.34050869941711426,11.75436019897461
223988.0,-0.29964765906333923,-0.34050869941711426,11.836082458496096
224058.0,-2.2882184982299805,-0.9125633239746094,11.059721946716307
224128.0,0.3813697397708893,0.6129156351089478,13.361560821533205
