elapsed,x,y,z
2189.0,-3.5957717895507812,1.7570248842239382,8.771504402160645
2259.0,-2.71044921875,1.906848669052124,8.921327590942383
2329.0,-3.6774938106536874,2.0566725730896,8.580819129943848
2399.0,-3.704734563827514,1.9477096796035769,8.921327590942383
2469.0,-3.4459478855133057,2.0294318199157715,8.648921012878418
2539.0,-3.3642258644104004,1.4846179485321045,9.071151733398438
2609.0,-2.7513103485107417,1.2530720233917236,9.343558311462402
2679.0,-3.6774938106536874,1.3756551742553709,8.989429473876953
2749.0,-2.9419951438903813,1.3347940444946291,9.5342435836792
2819.0,-3.4459478855133057,1.2530720233917236,8.730643272399902
2889.0,-3.78645658493042,1.2939330339431765,8.839605331420898
2959.0,-3.1735410690307617,1.2530720233917236,9.030290603637695
3029.0,-3.214401960372925,1.6753027439117432,8.771504402160645
3099.0,-3.78645658493042,1.3347940444946291,9.806650161743164
3169.0,-3.282503843307495,1.5663399696350098,9.193735122680664
3239.0,-5.162111759185791,2.0566725730896,8.539958000183105
3309.0,-4.671779155731201,2.3699405193328857,8.376513481140138
3379.0,-6.578628063201903,2.0566725730896,8.376513481140138
3449.0,-7.613774299621582,3.0645782947540283,8.036005020141603
3519.0,-7.1915435791015625,4.086104393005371,6.510526180267334
3589.0,-6.0882954597473145,4.93056583404541,5.543481349945068
3659.0,-3.936280488967896,5.666064739227295,4.44023323059082
3729.0,-1.7161637544631958,5.734166622161865,4.590057373046875
3799.0,-1.3347940444946291,5.924851417541504,5.856749534606934
3869.0,-2.451662540435791,6.278980255126952,5.625203609466553
3939.0,-1.7978858947753906,7.041719913482666,5.5843424797058105
4009.0,-2.982856035232544,7.1915435791015625,5.202972888946533
4079.0,-3.0918190479278564,7.082581043243407,5.121250629425049
4149.0,-1.5663399696350098,7.041719913482666,5.775027275085449
4219.0,-1.9477096796035769,6.537766933441162,4.780742168426514
4289.0,-2.982856035232544,6.510526180267334,4.290409564971924
4359.0,-1.6344417333602903,6.3879432678222665,4.290409564971924
4429.0,0.8036004900932312,4.93056583404541,6.469665050506593
4499.0,4.630918025970459,3.78645658493042,10.378705024719238
4569.0,-1.1849702596664429,2.5197644233703613,10.065437316894533
4639.0,-1.2530720233917236,1.1441092491149902,10.337843894958496
4709.0,-1.5254789590835571,0.0,10.869037628173828
4779.0,-0.953424334526062,-0.5311935544013977,10.1471586227417
4849.0,-1.7161637544631958,-1.8387469053268437,9.643206596374512
4919.0,-1.7161637544631958,-1.103248119354248,12.135729789733887
10589.0,-3.868178844451904,0.10896278172731401,9.57510471343994
10659.0,-3.323364734649658,1.0623871088027954,9.11201286315918
10729.0,-3.282503843307495,1.9477096796035769,8.539958000183105
10799.0,-3.5549106597900386,2.451662540435791,8.376513481140138
10869.0,-2.6423475742340092,1.906848669052124,8.839605331420898
10939.0,-2.329079389572144,2.329079389572144,9.30269718170166
11009.0,-2.1792557239532466,2.7921712398529053,8.076866149902344
11079.0,-2.2473573684692383,2.6014864444732666,9.193735122680664
11149.0,-2.329079389572144,2.0294318199157715,9.384419441223145
11219.0,-2.451662540435791,1.8659876585006716,9.193735122680664
11289.0,-2.5197644233703613,1.8659876585006716,8.771504402160645
11359.0,-2.0975334644317627,1.6344417333602903,8.921327590942383
11429.0,-2.3699405193328857,1.4165161848068235,9.343558311462402
11499.0,-2.2882184982299805,1.906848669052124,9.343558311462402
11569.0,-1.9885708093643188,1.7978858947753906,9.11201286315918
11639.0,-2.5606253147125244,1.2530720233917236,9.261836051940918
11709.0,-2.6695880889892583,0.9125633239746094,10.378705024719238
11779.0,-4.018002510070802,1.2258312702178955,10.950759887695312
11849.0,-5.965712070465088,1.8659876585006716,9.643206596374512
11919.0,-7.736357688903809,3.745595693588257,6.769312858581543
11989.0,-6.619489192962647,5.202972888946533,4.126965522766113
12059.0,-5.012288093566895,5.734166622161865,3.4050869941711426
12129.0,-3.282503843307495,6.42880392074585,3.827317714691162
12199.0,-2.138394594192505,6.742072105407715,4.167826175689696
12269.0,-1.8387469053268437,6.742072105407715,5.311935424804688
12339.0,-2.3699405193328857,7.041719913482666,5.121250629425049
12409.0,-2.478903293609619,7.232404708862305,4.780742168426514
12479.0,-3.868178844451904,7.7635979652404785,4.167826175689696
12549.0,-1.2258312702178955,7.1915435791015625,5.5843424797058105
12619.0,-0.3813697397708893,6.701210975646973,5.734166622161865
12689.0,-1.5663399696350098,6.810173988342285,3.4050869941711426
12759.0,-1.2939330339431765,6.047434329986572,5.053149223327637
12829.0,-3.5957717895507812,4.058863639831543,6.701210975646973
12899.0,-3.1326799392700195,2.9011340141296387,9.95647430419922
12969.0,-3.3642258644104004,1.1441092491149902,9.5342435836792
13039.0,-3.4050869941711426,0.6401563286781311,10.610250473022461
13109.0,-3.323364734649658,0.06810174137353897,10.256121635437012
13179.0,-2.9011340141296387,-1.0215260982513428,10.41956615447998
13249.0,-3.5140497684478764,-1.7978858947753906,11.223166465759276
13319.0,-4.018002510070802,-1.2939330339431765,8.88046646118164
18989.0,-4.249548435211182,0.0,8.88046646118164
19059.0,-4.018002510070802,-0.10896278172731401,8.88046646118164
19129.0,-4.167826175689696,-0.14982382953166962,8.921327590942383
19199.0,-4.20868730545044,-0.06810174137353897,8.730643272399902
19269.0,-4.358511447906493,-0.40861043334007263,9.071151733398438
19339.0,-4.399372100830078,-0.10896278172731401,9.193735122680664
19409.0,-5.121250629425049,-1.2530720233917236,9.411660194396973
19479.0,-3.4459478855133057,0.6401563286781311,9.765789031982422
19549.0,-4.549196243286133,1.6344417333602903,8.499096870422362
19619.0,-4.126965522766113,2.8330323696136475,8.730643272399902
19689.0,-2.478903293609619,3.5549106597900386,7.314126491546631
19759.0,-1.6753027439117432,3.473188638687134,8.458235740661621
19829.0,-2.2882184982299805,2.6014864444732666,9.30269718170166
19899.0,-3.282503843307495,2.1792557239532466,8.349272727966309
19969.0,-2.451662540435791,2.478903293609619,8.730643272399902
20039.0,-2.2473573684692383,1.8387469053268437,8.798744201660156
20109.0,-2.329079389572144,1.5254789590835571,9.220975875854492
20179.0,-1.9885708093643188,0.8717022538185121,10.719213485717773
20249.0,-3.868178844451904,1.7978858947753906,10.991621017456056
20319.0,-6.660349845886231,3.704734563827514,8.349272727966309
20389.0,-5.775027275085449,5.5843424797058105,5.706925868988037
20459.0,-4.44023323059082,6.510526180267334,4.971426963806152
20529.0,-3.636632919311523,7.041719913482666,3.282503843307495
20599.0,-2.2882184982299805,6.9327569007873535,3.78645658493042
20669.0,-0.4903325140476227,6.9327569007873535,4.44023323059082
20739.0,-0.5311935544013977,7.273265838623048,4.739881038665772
20809.0,-0.5311935544013977,7.654635429382324,5.202972888946533
20879.0,-2.451662540435791,7.804459095001222,4.086104393005371
20949.0,-0.40861043334007263,7.695496559143066,5.162111759185791
21019.0,-1.2939330339431765,6.810173988342285,4.5083351135253915
21090.0,-1.103248119354248,7.000858783721924,4.290409564971924
21159.0,-1.0623871088027954,6.278980255126952,5.053149223327637
21229.0,-2.0975334644317627,5.666064739227295,6.238119125366211
21299.0,-3.6774938106536874,3.636632919311523,7.545672416687013
21369.0,-5.393657684326172,1.9477096796035769,8.88046646118164
21439.0,-6.1291565895080575,1.3756551742553709,8.499096870422362
21509.0,-5.543481349945068,0.4494714736938477,8.962188720703125
21579.0,-4.699019908905028,-1.0623871088027954,10.337843894958496
21649.0,-4.5083351135253915,-0.7627394795417786,10.950759887695312
21719.0,-4.699019908905028,-0.8308411836624146,8.417374610900879
28090.0,-2.410801649093628,-0.34050869941711426,9.60234546661377
28159.0,-2.8330323696136475,-0.4903325140476227,9.452521324157717
28229.0,-3.4459478855133057,-0.8717022538185121,10.21526050567627
28299.0,-4.317650318145752,-0.9942854046821594,9.72492790222168
28369.0,-3.282503843307495,0.5720546245574951,9.384419441223145
28439.0,-2.860273122787476,1.6072009801864624,8.730643272399902
28509.0,-2.0294318199157715,2.8330323696136475,7.232404708862305
28579.0,-2.0566725730896,2.6423475742340092,8.839605331420898
28650.0,-2.5606253147125244,2.329079389572144,8.648921012878418
28719.0,-2.0975334644317627,1.5663399696350098,10.1471586227417
28789.0,-2.7921712398529053,1.7161637544631958,8.771504402160645
28859.0,-2.410801649093628,1.4846179485321045,9.765789031982422
28929.0,-2.410801649093628,1.7161637544631958,9.57510471343994
28999.0,-2.2473573684692383,1.7161637544631958,9.193735122680664
29069.0,-2.410801649093628,1.5663399696350098,9.152873992919922
29139.0,-2.22011661529541,1.4846179485321045,9.152873992919922
29209.0,-1.7978858947753906,1.3347940444946291,10.065437316894533
29279.0,-1.8387469053268437,1.7978858947753906,10.106298446655273
29349.0,-2.0294318199157715,2.3699405193328857,8.417374610900879
29419.0,-6.00657320022583,1.5663399696350098,7.927042484283447
29489.0,-8.076866149902344,2.451662540435791,6.469665050506593
29559.0,-10.024576187133787,3.936280488967896,5.121250629425049
29629.0,-9.071151733398438,4.739881038665772,4.249548435211182
29699.0,-7.1915435791015625,5.815888404846191,3.636632919311523
29769.0,-4.126965522766113,6.619489192962647,2.860273122787476
29839.0,-2.2473573684692383,6.0882954597473145,4.290409564971924
29909.0,-1.4846179485321045,6.156397342681885,4.780742168426514
29979.0,-0.8036004900932312,7.123441696166992,5.121250629425049
30049.0,-2.410801649093628,7.15068244934082,4.86246395111084
30119.0,-1.2258312702178955,7.613774299621582,5.162111759185791
30189.0,-1.7978858947753906,6.9599976539611825,3.827317714691162
30259.0,-0.9942854046821594,7.57291316986084,4.699019908905028
30329.0,-3.255263090133667,6.42880392074585,4.126965522766113
30399.0,-1.6344417333602903,5.35279655456543,6.42880392074585
30469.0,-2.22011661529541,2.5606253147125244,9.493382453918457
30539.0,-2.6695880889892583,1.9885708093643188,9.765789031982422
30609.0,-2.410801649093628,1.0215260982513428,9.874752044677734
30679.0,-2.1792557239532466,-0.3813697397708893,10.569390296936037
30749.0,-2.9419951438903813,-0.7218784093856812,13.06191349029541
30819.0,-5.311935424804688,-2.6695880889892583,7.4230895042419425
38099.0,-3.255263090133667,-0.34050869941711426,8.989429473876953
38169.0,-3.6774938106536874,-0.0272406954318285,9.11201286315918
38239.0,-3.5957717895507812,-0.34050869941711426,9.261836051940918
38309.0,-4.290409564971924,-0.9125633239746094,9.452521324157717
38379.0,-4.249548435211182,-0.34050869941711426,9.452521324157717
38449.0,-3.78645658493042,-0.14982382953166962,9.997335433959961
38519.0,-2.478903293609619,1.0215260982513428,9.071151733398438
38590.0,-4.20868730545044,2.410801649093628,8.349272727966309
38659.0,-2.138394594192505,3.5957717895507812,7.736357688903809
38729.0,-1.8659876585006716,3.0645782947540283,8.076866149902344
38799.0,-0.7627394795417786,3.1735410690307617,9.411660194396973
38869.0,-1.0623871088027954,2.982856035232544,9.11201286315918
38939.0,-1.3756551742553709,2.7921712398529053,8.730643272399902
39009.0,-2.0294318199157715,2.9011340141296387,8.962188720703125
39079.0,-1.7978858947753906,3.023717164993286,8.88046646118164
39149.0,-1.5663399696350098,2.9011340141296387,9.193735122680664
39219.0,-0.40861043334007263,2.410801649093628,11.250407218933104
39289.0,-3.0645782947540283,2.71044921875,10.637491226196287
39359.0,-4.971426963806152,4.20868730545044,8.839605331420898
39429.0,-5.856749534606934,5.053149223327637,6.891895771026611
39499.0,-4.44023323059082,6.047434329986572,5.243834018707275
39569.0,-3.0918190479278564,6.578628063201903,3.868178844451904
39639.0,-0.8036004900932312,7.15068244934082,3.6774938106536874
39709.0,-0.06810174137353897,7.232404708862305,4.126965522766113
39779.0,0.40861043334007263,7.57291316986084,4.126965522766113
39849.0,-0.21792556345462802,7.7635979652404785,4.739881038665772
39919.0,-0.4903325140476227,7.967903614044189,4.903325080871582
39989.0,-1.906848669052124,7.695496559143066,4.290409564971924
40059.0,0.9125633239746094,7.354987621307372,5.666064739227295
40129.0,0.8717022538185121,7.041719913482666,4.671779155731201
40199.0,-1.0215260982513428,7.082581043243407,4.058863639831543
40269.0,-1.4165161848068235,6.578628063201903,3.895419359207153
40339.0,-1.1441092491149902,4.86246395111084,7.695496559143066
40409.0,-1.5663399696350098,3.1326799392700195,8.608059883117676
40479.0,-2.9419951438903813,1.4437568187713623,9.72492790222168
40549.0,-3.1326799392700195,-0.953424334526062,10.1471586227417
40619.0,-3.5140497684478764,-0.21792556345462802,14.314985275268555
40689.0,-2.9419951438903813,-1.1441092491149902,7.082581043243407
40759.0,-6.810173988342285,-1.1441092491149902,9.806650161743164
40829.0,-2.7921712398529053,-0.4494714736938477,9.452521324157717
46849.0,-3.1735410690307617,-0.21792556345462802,9.220975875854492
46919.0,-3.282503843307495,-0.2587866187095642,9.193735122680664
46989.0,-3.0645782947540283,-0.21792556345462802,9.220975875854492
47059.0,-3.323364734649658,-0.3813697397708893,9.384419441223145
47129.0,-3.78645658493042,-0.8717022538185121,9.5342435836792
47199.0,-5.897610664367676,-1.6344417333602903,10.024576187133787
47269.0,-3.636632919311523,-0.19068486988544464,8.798744201660156
47339.0,-3.323364734649658,1.7978858947753906,7.967903614044189
47409.0,-2.2473573684692383,2.6695880889892583,6.660349845886231
47479.0,2.7513103485107417,3.6774938106536874,11.03248119354248
47549.0,-0.3813697397708893,2.138394594192505,10.296982765197754
47619.0,-1.103248119354248,2.478903293609619,8.962188720703125
47689.0,-3.3642258644104004,2.2882184982299805,8.076866149902344
47759.0,-1.4437568187713623,2.22011661529541,9.030290603637695
47829.0,-3.1326799392700195,2.138394594192505,9.11201286315918
47899.0,-1.7978858947753906,1.4846179485321045,9.5342435836792
47969.0,-1.6344417333602903,1.1849702596664429,9.493382453918457
48039.0,-2.478903293609619,-0.0272406954318285,12.326415061950685
48109.0,-3.895419359207153,2.329079389572144,11.059721946716307
48179.0,-5.666064739227295,3.78645658493042,7.545672416687013
48249.0,-4.86246395111084,5.35279655456543,4.971426963806152
48319.0,-3.827317714691162,6.469665050506593,3.0645782947540283
48389.0,-2.2473573684692383,7.463950634002685,2.9419951438903813
48459.0,-1.3756551742553709,7.4230895042419425,3.0918190479278564
48529.0,-0.5720546245574951,7.695496559143066,4.126965522766113
48599.0,-0.3813697397708893,8.185829162597656,4.358511447906493
48669.0,-1.4846179485321045,7.7635979652404785,4.358511447906493
48739.0,-0.14982382953166962,7.314126491546631,5.162111759185791
48809.0,0.21792556345462802,7.654635429382324,4.671779155731201
48879.0,-0.10896278172731401,7.613774299621582,4.671779155731201
48949.0,-3.0645782947540283,7.123441696166992,3.5140497684478764
49019.0,-2.478903293609619,6.9327569007873535,5.202972888946533
49090.0,-3.5549106597900386,5.393657684326172,5.666064739227295
49159.0,-5.856749534606934,2.410801649093628,6.510526180267334
49229.0,-4.821603298187256,0.2587866187095642,9.684066772460938
49299.0,-5.543481349945068,-0.34050869941711426,9.384419441223145
49369.0,-5.121250629425049,-0.2587866187095642,9.806650161743164
49439.0,-6.047434329986572,0.29964765906333923,10.528529167175293
49509.0,-5.434518814086914,-1.1849702596664429,9.30269718170166
49579.0,-4.971426963806152,-0.5720546245574951,8.226690292358397
57139.0,-3.1735410690307617,-0.0272406954318285,9.343558311462402
57209.0,-4.739881038665772,-0.4494714736938477,9.11201286315918
57279.0,-4.317650318145752,-0.5720546245574951,9.874752044677734
57349.0,-4.399372100830078,-0.29964765906333923,9.493382453918457
57419.0,-3.6774938106536874,2.451662540435791,7.927042484283447
57489.0,-3.3642258644104004,3.0918190479278564,8.158588409423826
57559.0,-1.8387469053268437,3.704734563827514,8.158588409423826
57629.0,-1.6344417333602903,2.9011340141296387,8.608059883117676
57699.0,-2.3699405193328857,2.138394594192505,8.417374610900879
57769.0,-2.0566725730896,1.4846179485321045,10.256121635437012
57839.0,-0.4903325140476227,1.3756551742553709,9.997335433959961
57909.0,-0.4903325140476227,1.103248119354248,9.5342435836792
57979.0,-1.2258312702178955,1.0623871088027954,9.343558311462402
58049.0,-0.8036004900932312,1.1849702596664429,10.106298446655273
58119.0,0.34050869941711426,1.1441092491149902,10.106298446655273
58189.0,-0.953424334526062,1.6753027439117432,10.378705024719238
58259.0,-2.8330323696136475,2.451662540435791,8.962188720703125
58329.0,-2.2473573684692383,2.5606253147125244,9.030290603637695
58400.0,-5.475379943847656,2.860273122787476,9.452521324157717
58469.0,-4.821603298187256,5.162111759185791,7.15068244934082
58539.0,-3.4459478855133057,5.734166622161865,6.197257995605469
58609.0,-2.6695880889892583,6.851035118103027,4.20868730545044
58679.0,-1.8659876585006716,7.314126491546631,4.018002510070802
58749.0,-1.7978858947753906,6.769312858581543,4.358511447906493
58819.0,-2.0294318199157715,6.810173988342285,4.971426963806152
58889.0,-1.2939330339431765,5.706925868988037,5.625203609466553
58959.0,-1.8659876585006716,7.082581043243407,4.699019908905028
59029.0,-0.8036004900932312,7.041719913482666,4.4810943603515625
59099.0,0.6129156351089478,6.9599976539611825,4.058863639831543
59169.0,-0.6401563286781311,6.769312858581543,4.780742168426514
59239.0,1.4165161848068235,4.358511447906493,9.071151733398438
59309.0,-0.9942854046821594,3.6774938106536874,9.57510471343994
59379.0,-0.4903325140476227,1.906848669052124,9.343558311462402
59449.0,-1.7161637544631958,-0.7627394795417786,11.481952667236328
59519.0,-1.3756551742553709,-0.8036004900932312,11.413851737976074
59589.0,-2.2882184982299805,-1.6072009801864624,10.800935745239258
59659.0,-3.745595693588257,-1.0215260982513428,9.071151733398438
59729.0,-1.2258312702178955,-1.103248119354248,9.833890914916992
59799.0,-2.5606253147125244,-0.5720546245574951,9.384419441223145
59869.0,-1.7570248842239382,-0.6129156351089478,9.806650161743164
66380.0,-2.6695880889892583,-0.10896278172731401,9.384419441223145
66449.0,-2.6423475742340092,-0.19068486988544464,9.411660194396973
66519.0,-2.71044921875,-0.2587866187095642,9.411660194396973
66590.0,-2.451662540435791,-0.06810174137353897,9.384419441223145
66659.0,-2.410801649093628,-0.29964765906333923,9.765789031982422
66729.0,-6.197257995605469,-2.5197644233703613,11.413851737976074
66799.0,-3.9771416187286377,-0.5311935544013977,9.071151733398438
66869.0,-3.4459478855133057,2.6695880889892583,7.736357688903809
66939.0,0.19068486988544464,2.9011340141296387,7.9951438903808585
67009.0,-2.22011661529541,2.329079389572144,10.106298446655273
67079.0,-2.6423475742340092,2.329079389572144,8.921327590942383
67149.0,-0.7627394795417786,2.6695880889892583,9.11201286315918
67219.0,-2.860273122787476,1.9477096796035769,9.152873992919922
67289.0,-1.6072009801864624,2.0294318199157715,9.411660194396973
67359.0,-1.9477096796035769,2.0294318199157715,9.30269718170166
67429.0,-1.5663399696350098,1.6344417333602903,9.30269718170166
67499.0,-1.2530720233917236,0.6810173988342285,10.991621017456056
67569.0,-1.7570248842239382,0.06810174137353897,13.27983856201172
67639.0,-4.549196243286133,2.5197644233703613,11.10058307647705
67709.0,-4.058863639831543,4.249548435211182,7.463950634002685
67779.0,-3.255263090133667,5.734166622161865,4.821603298187256
67849.0,-2.6695880889892583,6.510526180267334,3.1735410690307617
67919.0,-1.3756551742553709,6.891895771026611,3.023717164993286
67989.0,-0.40861043334007263,6.9599976539611825,4.317650318145752
68059.0,-1.4846179485321045,7.354987621307372,4.971426963806152
68129.0,-1.9477096796035769,7.232404708862305,5.053149223327637
68199.0,-0.06810174137353897,7.1915435791015625,5.965712070465088
68269.0,-0.3813697397708893,7.545672416687013,4.399372100830078
68339.0,-0.4903325140476227,7.57291316986084,4.086104393005371
68409.0,-0.40861043334007263,7.123441696166992,4.058863639831543
68479.0,-3.636632919311523,5.2846951484680185,4.780742168426514
68549.0,-7.000858783721924,2.1792557239532466,5.706925868988037
68619.0,-5.897610664367676,0.40861043334007263,9.5342435836792
68689.0,-6.9599976539611825,-0.953424334526062,9.874752044677734
68759.0,-5.121250629425049,-0.0272406954318285,11.795221328735352
68829.0,-5.897610664367676,-2.0566725730896,9.220975875854492
68899.0,-6.469665050506593,-1.7978858947753906,9.765789031982422
68969.0,-3.827317714691162,-0.4494714736938477,9.152873992919922
69039.0,-4.058863639831543,-0.3813697397708893,9.030290603637695
69109.0,-4.671779155731201,-0.21792556345462802,8.539958000183105
74439.0,-3.023717164993286,0.0272406954318285,9.261836051940918
74509.0,-2.860273122787476,0.06810174137353897,9.384419441223145
74579.0,-3.282503843307495,0.06810174137353897,9.220975875854492
74649.0,-2.7921712398529053,0.0,9.411660194396973
74719.0,-3.282503843307495,-0.0272406954318285,9.261836051940918
74789.0,-2.7921712398529053,-0.06810174137353897,9.30269718170166
74859.0,-3.1326799392700195,0.0,9.220975875854492
74929.0,-2.9419951438903813,-0.10896278172731401,9.452521324157717
74999.0,-4.317650318145752,-0.5311935544013977,9.915613174438477
75069.0,-4.86246395111084,-0.40861043334007263,9.833890914916992
75139.0,-2.7921712398529053,0.29964765906333923,9.5342435836792
75209.0,-3.4459478855133057,2.860273122787476,7.886181354522705
75279.0,-2.478903293609619,3.5957717895507812,7.15068244934082
75349.0,-2.9011340141296387,3.3642258644104004,8.458235740661621
75419.0,-2.410801649093628,2.860273122787476,8.417374610900879
75489.0,-1.2530720233917236,2.9419951438903813,10.256121635437012
75559.0,-3.3642258644104004,2.3699405193328857,8.539958000183105
75629.0,-2.6014864444732666,2.1792557239532466,9.152873992919922
75699.0,-2.8330323696136475,2.0975334644317627,10.760074615478516
75769.0,-6.578628063201903,3.1326799392700195,8.539958000183105
75839.0,-7.927042484283447,5.012288093566895,5.706925868988037
75909.0,-6.742072105407715,5.856749534606934,4.358511447906493
75979.0,-4.971426963806152,6.742072105407715,2.8330323696136475
76049.0,-3.5957717895507812,7.504811763763428,2.410801649093628
76119.0,-2.0566725730896,7.654635429382324,2.9011340141296387
76189.0,-0.6810173988342285,7.654635429382324,3.745595693588257
76259.0,-1.1441092491149902,7.804459095001222,3.78645658493042
76329.0,-0.8717022538185121,7.463950634002685,4.549196243286133
76399.0,0.7627394795417786,7.7635979652404785,5.35279655456543
76469.0,-0.06810174137353897,7.695496559143066,4.249548435211182
76539.0,0.06810174137353897,7.545672416687013,3.895419359207153
76609.0,-3.255263090133667,6.197257995605469,4.358511447906493
76679.0,-4.671779155731201,4.903325080871582,5.311935424804688
76749.0,-4.126965522766113,2.9011340141296387,8.036005020141603
76819.0,-5.734166622161865,0.19068486988544464,7.927042484283447
76889.0,-7.000858783721924,-1.6072009801864624,9.72492790222168
76959.0,-4.93056583404541,0.19068486988544464,10.024576187133787
77029.0,-5.393657684326172,-3.78645658493042,8.499096870422362
77100.0,-3.5957717895507812,-1.9885708093643188,10.869037628173828
77169.0,-1.8659876585006716,-0.34050869941711426,9.11201286315918
83539.0,-3.936280488967896,-0.06810174137353897,8.962188720703125
83609.0,-3.936280488967896,-0.14982382953166962,8.962188720703125
83679.0,-4.20868730545044,-0.5311935544013977,9.261836051940918
83749.0,-5.243834018707275,-0.7218784093856812,9.874752044677734
83819.0,-4.86246395111084,-0.21792556345462802,9.5342435836792
83889.0,-3.895419359207153,0.8717022538185121,7.845320224761963
83959.0,-2.5197644233703613,3.282503843307495,6.891895771026611
84029.0,-3.1326799392700195,4.167826175689696,7.886181354522705
84099.0,-3.4050869941711426,3.9771416187286377,7.9951438903808585
84169.0,-2.7921712398529053,3.6774938106536874,7.4230895042419425
84239.0,-5.012288093566895,2.5197644233703613,8.158588409423826
84309.0,-2.0975334644317627,1.7570248842239382,9.833890914916992
84379.0,-4.5083351135253915,1.7978858947753906,8.921327590942383
84449.0,-3.1326799392700195,1.8387469053268437,9.071151733398438
84519.0,-3.4050869941711426,1.6072009801864624,8.88046646118164
84589.0,-3.868178844451904,1.6753027439117432,9.152873992919922
84659.0,-4.44023323059082,1.9477096796035769,8.580819129943848
84729.0,-5.393657684326172,1.7161637544631958,9.57510471343994
84799.0,-6.701210975646973,2.0975334644317627,9.95647430419922
84869.0,-7.4230895042419425,3.5549106597900386,7.273265838623048
84939.0,-6.510526180267334,5.162111759185791,5.393657684326172
85009.0,-4.249548435211182,6.278980255126952,3.6774938106536874
85079.0,-1.906848669052124,7.354987621307372,2.478903293609619
85149.0,-1.3756551742553709,6.851035118103027,3.4459478855133057
85219.0,0.3813697397708893,7.123441696166992,4.93056583404541
85289.0,-0.3813697397708893,7.382228374481201,5.706925868988037
85359.0,-2.22011661529541,7.804459095001222,3.4050869941711426
85429.0,-1.1849702596664429,7.695496559143066,4.739881038665772
85499.0,0.21792556345462802,7.15068244934082,5.094009876251222
85569.0,-1.103248119354248,7.273265838623048,4.20868730545044
85639.0,-1.906848669052124,6.537766933441162,5.897610664367676
85709.0,-4.086104393005371,5.5843424797058105,5.121250629425049
85779.0,-4.699019908905028,3.5957717895507812,7.463950634002685
85849.0,-4.018002510070802,2.7513103485107417,8.308412551879883
85919.0,-5.856749534606934,0.9942854046821594,8.962188720703125
85989.0,-4.671779155731201,-0.6401563286781311,9.493382453918457
86059.0,-5.775027275085449,-1.1849702596664429,10.528529167175293
86129.0,-5.625203609466553,-2.451662540435791,6.3879432678222665
86199.0,-5.775027275085449,-1.7570248842239382,10.800935745239258
86269.0,-2.7921712398529053,-0.3813697397708893,9.452521324157717
91659.0,-4.549196243286133,0.4903325140476227,8.580819129943848
91729.0,-4.399372100830078,0.5720546245574951,8.648921012878418
91799.0,-4.549196243286133,0.5720546245574951,8.68978214263916
91869.0,-4.399372100830078,0.5311935544013977,8.771504402160645
91939.0,-4.671779155731201,0.40861043334007263,8.608059883117676
92009.0,-4.4810943603515625,0.5311935544013977,8.608059883117676
92079.0,-4.5083351135253915,0.5311935544013977,8.730643272399902
92149.0,-4.4810943603515625,0.40861043334007263,8.608059883117676
92219.0,-4.44023323059082,0.6129156351089478,8.580819129943848
92289.0,-4.4810943603515625,0.5311935544013977,8.771504402160645
92359.0,-4.4810943603515625,0.4903325140476227,8.648921012878418
92429.0,-4.44023323059082,0.4903325140476227,8.68978214263916
92499.0,-4.5083351135253915,0.5311935544013977,8.608059883117676
92569.0,-4.549196243286133,0.6401563286781311,8.608059883117676
92639.0,-4.44023323059082,0.6401563286781311,8.730643272399902
92709.0,-4.44023323059082,0.3813697397708893,9.030290603637695
92779.0,-5.202972888946533,0.5311935544013977,8.349272727966309
92849.0,-4.903325080871582,1.103248119354248,8.458235740661621
92939.0,-5.706925868988037,0.6810173988342285,7.504811763763428
92989.0,-7.354987621307372,1.2258312702178955,7.1915435791015625
93059.0,-6.9599976539611825,1.3347940444946291,6.319841384887695
93129.0,-7.613774299621582,2.22011661529541,5.2846951484680185
93199.0,-6.701210975646973,2.451662540435791,6.238119125366211
93269.0,-7.927042484283447,2.6423475742340092,5.202972888946533
93339.0,-10.41956615447998,2.7513103485107417,3.6774938106536874
93409.0,-9.452521324157717,3.4050869941711426,3.5957717895507812
93479.0,-6.578628063201903,3.282503843307495,6.1291565895080575
93549.0,-5.434518814086914,2.860273122787476,7.000858783721924
93619.0,-3.5140497684478764,2.478903293609619,7.967903614044189
93689.0,-3.282503843307495,1.3347940444946291,7.967903614044189
93759.0,-3.4459478855133057,0.953424334526062,7.9951438903808585
93829.0,-3.214401960372925,0.5720546245574951,9.60234546661377
93899.0,-3.282503843307495,1.3756551742553709,9.452521324157717
93969.0,-3.0645782947540283,1.8387469053268437,9.95647430419922
94039.0,-2.478903293609619,1.4165161848068235,8.68978214263916
94109.0,-2.2882184982299805,0.8036004900932312,9.261836051940918
94179.0,-5.965712070465088,0.19068486988544464,8.117727279663086
94249.0,-7.082581043243407,1.6753027439117432,8.185829162597656
94319.0,-8.771504402160645,1.6753027439117432,6.851035118103027
94389.0,-9.071151733398438,3.214401960372925,4.671779155731201
103699.0,-5.543481349945068,-0.6810173988342285,8.158588409423826
103769.0,-5.475379943847656,-0.5720546245574951,8.158588409423826
103839.0,-5.393657684326172,-0.6810173988342285,8.158588409423826
103909.0,-5.393657684326172,-0.6129156351089478,8.076866149902344
103979.0,-5.434518814086914,-0.6401563286781311,8.076866149902344
104049.0,-5.35279655456543,-0.6401563286781311,8.158588409423826
104119.0,-5.475379943847656,-0.6810173988342285,8.185829162597656
104189.0,-5.434518814086914,-0.6129156351089478,8.185829162597656
104259.0,-5.51624059677124,-0.6129156351089478,8.076866149902344
104329.0,-5.35279655456543,-0.6401563286781311,8.185829162597656
104399.0,-5.475379943847656,-0.5720546245574951,7.9951438903808585
104469.0,-5.35279655456543,-0.6129156351089478,8.226690292358397
104539.0,-5.543481349945068,-0.5720546245574951,8.036005020141603
104609.0,-5.393657684326172,-0.6810173988342285,8.185829162597656
104679.0,-5.243834018707275,-0.5720546245574951,8.117727279663086
104749.0,-5.734166622161865,-0.6401563286781311,8.226690292358397
104819.0,-5.35279655456543,-0.7627394795417786,8.267551422119139
104889.0,-5.625203609466553,-0.6401563286781311,8.117727279663086
104959.0,-5.543481349945068,-0.6810173988342285,8.68978214263916
105029.0,-7.736357688903809,-0.5720546245574951,7.504811763763428
105100.0,-7.463950634002685,0.4494714736938477,6.469665050506593
105169.0,-7.736357688903809,0.7218784093856812,6.701210975646973
105239.0,-7.123441696166992,1.6344417333602903,7.000858783721924
105312.0,-5.775027275085449,2.22011661529541,7.4230895042419425
105379.0,-4.821603298187256,2.6014864444732666,7.123441696166992
105449.0,-4.126965522766113,2.8330323696136475,6.619489192962647
105519.0,-3.473188638687134,2.8330323696136475,7.504811763763428
105589.0,-3.255263090133667,2.3699405193328857,8.308412551879883
105659.0,-3.895419359207153,1.7161637544631958,9.193735122680664
105729.0,-3.745595693588257,1.7161637544631958,9.261836051940918
105799.0,-3.282503843307495,2.0294318199157715,9.152873992919922
105869.0,-3.1735410690307617,1.8659876585006716,9.220975875854492
105939.0,-3.023717164993286,1.7570248842239382,8.458235740661621
106009.0,-1.6753027439117432,1.2530720233917236,8.771504402160645
106079.0,-1.5254789590835571,1.3347940444946291,9.411660194396973
106149.0,-2.0566725730896,1.2939330339431765,10.528529167175293
106219.0,-1.3347940444946291,1.0623871088027954,9.11201286315918
106289.0,-4.93056583404541,0.6401563286781311,9.452521324157717
106359.0,-5.053149223327637,2.6014864444732666,8.036005020141603
106429.0,-5.775027275085449,2.6014864444732666,7.041719913482666
113779.0,-6.742072105407715,-0.5311935544013977,7.15068244934082
113849.0,-6.851035118103027,-0.9125633239746094,7.000858783721924
113919.0,-6.660349845886231,-0.8308411836624146,7.1915435791015625
113989.0,-6.469665050506593,-0.34050869941711426,7.082581043243407
114059.0,-7.041719913482666,-0.9125633239746094,7.041719913482666
114129.0,-6.578628063201903,-0.6810173988342285,7.123441696166992
114199.0,-6.9327569007873535,-0.7627394795417786,7.082581043243407
114269.0,-6.742072105407715,-0.3813697397708893,6.9599976539611825
114339.0,-6.9599976539611825,-0.7218784093856812,6.9327569007873535
114409.0,-6.660349845886231,-0.8717022538185121,7.15068244934082
114479.0,-6.660349845886231,-0.5720546245574951,7.1915435791015625
114549.0,-6.891895771026611,-0.7627394795417786,6.9327569007873535
114619.0,-6.660349845886231,-0.6129156351089478,7.15068244934082
114689.0,-6.851035118103027,-0.8036004900932312,7.082581043243407
114759.0,-6.701210975646973,-0.2587866187095642,7.000858783721924
114829.0,-6.9327569007873535,-1.2530720233917236,7.123441696166992
114899.0,-6.510526180267334,-0.6401563286781311,7.382228374481201
114969.0,-6.851035118103027,-0.2587866187095642,7.123441696166992
115039.0,-7.382228374481201,-1.3756551742553709,6.891895771026611
115109.0,-8.226690292358397,-1.103248119354248,6.660349845886231
115179.0,-8.648921012878418,-0.953424334526062,4.780742168426514
115249.0,-10.024576187133787,-0.4494714736938477,2.5197644233703613
115319.0,-9.806650161743164,0.953424334526062,2.0294318199157715
115389.0,-9.411660194396973,2.138394594192505,2.0566725730896
115459.0,-8.921327590942383,2.9011340141296387,2.71044921875
115529.0,-9.5342435836792,2.982856035232544,3.282503843307495
115600.0,-8.308412551879883,2.9419951438903813,4.739881038665772
115669.0,-3.745595693588257,3.895419359207153,6.469665050506593
115739.0,-2.8330323696136475,3.4050869941711426,6.278980255126952
115809.0,-3.1735410690307617,2.410801649093628,7.273265838623048
115879.0,-4.086104393005371,2.0566725730896,8.648921012878418
115949.0,-3.636632919311523,2.3699405193328857,9.493382453918457
116019.0,-3.745595693588257,2.451662540435791,8.648921012878418
116089.0,-3.5549106597900386,2.2882184982299805,8.921327590942383
116159.0,-2.7513103485107417,2.22011661529541,9.261836051940918
116229.0,-3.936280488967896,1.8387469053268437,8.226690292358397
116299.0,-1.6344417333602903,1.2939330339431765,9.343558311462402
116369.0,-3.255263090133667,1.0215260982513428,7.7635979652404785
116439.0,-6.3470821380615225,0.34050869941711426,6.742072105407715
116509.0,-9.071151733398438,0.4903325140476227,4.630918025970459
122109.0,-4.671779155731201,-0.6401563286781311,8.608059883117676
122179.0,-4.780742168426514,-0.6810173988342285,8.580819129943848
122249.0,-4.630918025970459,-0.6401563286781311,8.580819129943848
122319.0,-4.780742168426514,-0.6401563286781311,8.499096870422362
122389.0,-4.699019908905028,-0.6401563286781311,8.580819129943848
122459.0,-4.739881038665772,-0.7218784093856812,8.580819129943848
122529.0,-4.699019908905028,-0.6401563286781311,8.539958000183105
122599.0,-4.780742168426514,-0.7218784093856812,8.580819129943848
122669.0,-4.739881038665772,-0.6401563286781311,8.539958000183105
122739.0,-4.739881038665772,-0.6810173988342285,8.499096870422362
122809.0,-4.739881038665772,-0.6129156351089478,8.580819129943848
122879.0,-4.780742168426514,-0.6401563286781311,8.499096870422362
122949.0,-4.739881038665772,-0.7218784093856812,8.539958000183105
123019.0,-4.630918025970459,-0.6401563286781311,8.580819129943848
123089.0,-4.739881038665772,-0.5311935544013977,8.608059883117676
123159.0,-4.630918025970459,-0.5311935544013977,8.608059883117676
123229.0,-4.86246395111084,-0.6401563286781311,8.580819129943848
123299.0,-4.86246395111084,-0.8717022538185121,9.343558311462402
123369.0,-5.202972888946533,-0.6810173988342285,8.499096870422362
123439.0,-5.815888404846191,-0.34050869941711426,8.88046646118164
123509.0,-8.771504402160645,0.10896278172731401,6.197257995605469
123579.0,-8.771504402160645,1.5663399696350098,4.018002510070802
123649.0,-8.921327590942383,2.138394594192505,4.903325080871582
123719.0,-8.730643272399902,2.410801649093628,4.93056583404541
123789.0,-6.278980255126952,2.410801649093628,6.156397342681885
123859.0,-5.625203609466553,2.0566725730896,6.578628063201903
123929.0,-4.44023323059082,1.8659876585006716,6.660349845886231
123999.0,-4.086104393005371,1.0215260982513428,8.117727279663086
124069.0,-5.202972888946533,0.9942854046821594,7.9951438903808585
124139.0,-5.162111759185791,1.1849702596664429,8.158588409423826
124209.0,-2.2882184982299805,1.3347940444946291,9.11201286315918
124279.0,-4.86246395111084,0.9942854046821594,8.730643272399902
124349.0,-4.018002510070802,1.1441092491149902,9.384419441223145
124419.0,-3.473188638687134,1.2939330339431765,9.261836051940918
124489.0,-2.9419951438903813,1.2258312702178955,10.337843894958496
124559.0,-2.71044921875,0.6129156351089478,7.927042484283447
124629.0,-6.197257995605469,-0.953424334526062,8.839605331420898
124699.0,-7.886181354522705,0.5720546245574951,7.354987621307372
124769.0,-8.921327590942383,1.3347940444946291,6.197257995605469
124839.0,-9.806650161743164,2.410801649093628,3.827317714691162
126729.0,-5.393657684326172,-0.7218784093856812,7.7635979652404785
126799.0,-5.162111759185791,-0.8036004900932312,8.117727279663086
126869.0,-2.5606253147125244,-1.5663399696350098,9.30269718170166
126939.0,-2.5606253147125244,-1.1849702596664429,9.493382453918457
127010.0,-2.5606253147125244,-1.0215260982513428,9.452521324157717
127079.0,-2.5606253147125244,-1.0215260982513428,9.384419441223145
127149.0,-2.329079389572144,-1.103248119354248,9.452521324157717
127219.0,-3.1735410690307617,-1.2258312702178955,9.220975875854492
127289.0,-2.329079389572144,-0.6810173988342285,8.730643272399902
127359.0,-2.9419951438903813,-1.2530720233917236,9.452521324157717
127429.0,-2.8330323696136475,-0.9942854046821594,9.261836051940918
127499.0,-2.8330323696136475,-1.103248119354248,9.343558311462402
127569.0,-2.860273122787476,-0.953424334526062,9.343558311462402
127639.0,-3.5140497684478764,-1.1441092491149902,9.071151733398438
127709.0,-3.473188638687134,-1.0623871088027954,9.193735122680664
127779.0,-3.5140497684478764,-0.9125633239746094,9.11201286315918
127849.0,-4.249548435211182,-0.9125633239746094,8.88046646118164
127919.0,-5.543481349945068,-0.8717022538185121,7.9951438903808585
127989.0,-5.775027275085449,-1.103248119354248,7.804459095001222
128059.0,-7.000858783721924,-0.7627394795417786,6.769312858581543
128129.0,-7.613774299621582,-0.34050869941711426,6.469665050506593
128199.0,-6.9599976539611825,-0.9125633239746094,6.810173988342285
128269.0,-6.469665050506593,-0.7627394795417786,7.354987621307372
128339.0,-6.537766933441162,-0.8308411836624146,7.273265838623048
128409.0,-6.810173988342285,-0.7627394795417786,7.000858783721924
128479.0,-6.578628063201903,-0.6401563286781311,7.232404708862305
128549.0,-6.742072105407715,-0.7627394795417786,7.15068244934082
128619.0,-6.660349845886231,-0.9125633239746094,7.15068244934082
128689.0,-6.660349845886231,-0.7218784093856812,7.1915435791015625
128759.0,-6.660349845886231,-0.6129156351089478,7.232404708862305
128829.0,-6.742072105407715,-0.8036004900932312,7.273265838623048
128899.0,-6.701210975646973,-0.6810173988342285,7.123441696166992
128969.0,-6.742072105407715,-0.7627394795417786,7.123441696166992
129039.0,-6.660349845886231,-0.6810173988342285,7.123441696166992
129109.0,-6.660349845886231,-0.6401563286781311,7.15068244934082
129179.0,-6.660349845886231,-0.8036004900932312,7.15068244934082
129249.0,-6.701210975646973,-0.8036004900932312,7.15068244934082
129319.0,-6.701210975646973,-0.7627394795417786,7.123441696166992
129389.0,-6.810173988342285,-0.7627394795417786,7.082581043243407
129459.0,-6.578628063201903,-0.8308411836624146,7.1915435791015625
130299.0,-6.660349845886231,-0.6810173988342285,7.082581043243407
130369.0,-6.810173988342285,-0.7218784093856812,7.123441696166992
130439.0,-6.769312858581543,-0.7627394795417786,7.123441696166992
130509.0,-6.619489192962647,-0.5311935544013977,7.123441696166992
130579.0,-6.891895771026611,-0.8308411836624146,7.000858783721924
130649.0,-6.701210975646973,-0.6401563286781311,7.041719913482666
130719.0,-6.769312858581543,-0.6401563286781311,7.041719913482666
130789.0,-6.851035118103027,-0.8036004900932312,7.123441696166992
130859.0,-6.701210975646973,-0.7218784093856812,7.123441696166992
130929.0,-6.810173988342285,-0.7218784093856812,7.082581043243407
131069.0,-6.891895771026611,-0.8036004900932312,7.000858783721924
131139.0,-6.851035118103027,-0.7218784093856812,7.041719913482666
131209.0,-6.891895771026611,-0.6810173988342285,7.041719913482666
131279.0,-6.769312858581543,-0.8036004900932312,7.082581043243407
131349.0,-7.1915435791015625,-0.8036004900932312,6.891895771026611
131419.0,-7.463950634002685,-0.953424334526062,6.537766933441162
131489.0,-7.804459095001222,-1.1849702596664429,7.041719913482666
131559.0,-7.000858783721924,-0.40861043334007263,7.845320224761963
131629.0,-8.648921012878418,0.19068486988544464,5.666064739227295
131699.0,-9.30269718170166,1.5663399696350098,4.671779155731201
131769.0,-9.5342435836792,2.329079389572144,4.44023323059082
131839.0,-9.11201286315918,2.478903293609619,4.399372100830078
131909.0,-7.041719913482666,2.3699405193328857,5.202972888946533
131979.0,-4.590057373046875,2.1792557239532466,6.238119125366211
132049.0,-3.4050869941711426,2.1792557239532466,6.769312858581543
132119.0,-3.323364734649658,1.0623871088027954,8.308412551879883
132189.0,-3.704734563827514,1.0215260982513428,8.608059883117676
132259.0,-4.126965522766113,1.103248119354248,8.539958000183105
132329.0,-3.704734563827514,0.9125633239746094,8.730643272399902
132399.0,-3.6774938106536874,0.7218784093856812,9.261836051940918
132469.0,-3.3642258644104004,1.2530720233917236,8.539958000183105
132539.0,-4.671779155731201,1.1849702596664429,9.874752044677734
132609.0,-2.0294318199157715,1.1849702596664429,8.989429473876953
132679.0,-0.06810174137353897,0.6810173988342285,9.220975875854492
132749.0,-2.451662540435791,-0.0272406954318285,7.354987621307372
132819.0,-7.9951438903808585,0.19068486988544464,6.742072105407715
132889.0,-9.57510471343994,0.5720546245574951,5.311935424804688
132959.0,-9.493382453918457,0.6810173988342285,4.86246395111084
133029.0,-9.152873992919922,0.9942854046821594,4.780742168426514
133100.0,-8.117727279663086,1.7570248842239382,4.671779155731201
139679.0,-6.156397342681885,-0.8036004900932312,7.545672416687013
139749.0,-6.047434329986572,-0.7627394795417786,7.695496559143066
139819.0,-6.278980255126952,-0.6401563286781311,7.57291316986084
139889.0,-6.197257995605469,-0.6810173988342285,7.695496559143066
139959.0,-6.0882954597473145,-0.7627394795417786,7.654635429382324
140029.0,-6.0882954597473145,-0.6810173988342285,7.695496559143066
140100.0,-6.047434329986572,-0.7218784093856812,7.613774299621582
140169.0,-6.1291565895080575,-0.7218784093856812,7.613774299621582
140239.0,-6.1291565895080575,-0.6810173988342285,7.57291316986084
140312.0,-6.0882954597473145,-0.7218784093856812,7.654635429382324
140379.0,-6.00657320022583,-0.7627394795417786,7.654635429382324
140449.0,-6.0882954597473145,-0.8308411836624146,7.654635429382324
140519.0,-6.1291565895080575,-0.7218784093856812,7.57291316986084
140589.0,-6.156397342681885,-0.7627394795417786,7.545672416687013
140659.0,-5.965712070465088,-0.6810173988342285,7.613774299621582
140729.0,-6.0882954597473145,-0.6401563286781311,7.504811763763428
140799.0,-6.42880392074585,-0.8308411836624146,7.804459095001222
140869.0,-6.156397342681885,-1.2939330339431765,8.580819129943848
140939.0,-6.1291565895080575,-1.4437568187713623,9.071151733398438
141009.0,-6.1291565895080575,0.7627394795417786,7.000858783721924
141079.0,-7.57291316986084,1.103248119354248,5.053149223327637
141149.0,-7.695496559143066,1.4165161848068235,5.856749534606934
141219.0,-8.117727279663086,1.6072009801864624,4.86246395111084
141289.0,-8.962188720703125,2.138394594192505,3.9771416187286377
141359.0,-9.030290603637695,2.5197644233703613,4.44023323059082
141429.0,-8.499096870422362,2.3699405193328857,5.012288093566895
141499.0,-6.278980255126952,2.138394594192505,6.578628063201903
141569.0,-5.094009876251222,2.71044921875,6.891895771026611
141639.0,-3.5549106597900386,2.2473573684692383,7.504811763763428
141709.0,-2.6695880889892583,1.6753027439117432,8.88046646118164
141779.0,-3.4050869941711426,1.6344417333602903,8.730643272399902
141849.0,-2.860273122787476,1.6072009801864624,9.30269718170166
141919.0,-3.282503843307495,1.2530720233917236,9.11201286315918
141989.0,-2.9011340141296387,1.7570248842239382,8.88046646118164
142059.0,-2.2882184982299805,1.2258312702178955,9.493382453918457
142129.0,-1.2530720233917236,1.2939330339431765,9.493382453918457
142199.0,-0.6401563286781311,1.4437568187713623,9.5342435836792
142269.0,-5.202972888946533,-0.21792556345462802,6.238119125366211
142339.0,-9.5342435836792,-0.8717022538185121,5.625203609466553
142409.0,-10.065437316894533,0.4494714736938477,4.399372100830078
149129.0,-6.047434329986572,-0.7627394795417786,7.7635979652404785
149199.0,-5.897610664367676,-0.7218784093856812,7.7635979652404785
149269.0,-5.965712070465088,-0.7218784093856812,7.7635979652404785
149339.0,-5.924851417541504,-0.8308411836624146,7.804459095001222
149409.0,-5.965712070465088,-0.8717022538185121,7.7635979652404785
149479.0,-5.815888404846191,-0.8308411836624146,7.804459095001222
149549.0,-5.965712070465088,-0.8308411836624146,7.654635429382324
149619.0,-5.924851417541504,-0.7627394795417786,7.845320224761963
149689.0,-5.965712070465088,-0.7218784093856812,7.845320224761963
149759.0,-5.924851417541504,-0.8717022538185121,7.7635979652404785
149829.0,-5.775027275085449,-0.6810173988342285,7.845320224761963
149899.0,-6.047434329986572,-0.8308411836624146,7.654635429382324
149969.0,-5.856749534606934,-0.8036004900932312,7.804459095001222
150039.0,-6.047434329986572,-0.7218784093856812,7.7635979652404785
150109.0,-5.856749534606934,-0.7627394795417786,7.7635979652404785
150179.0,-6.156397342681885,-0.8308411836624146,7.695496559143066
150249.0,-5.734166622161865,-0.953424334526062,8.036005020141603
150319.0,-6.578628063201903,-0.8717022538185121,7.7635979652404785
150389.0,-6.619489192962647,-0.9125633239746094,7.382228374481201
150459.0,-7.273265838623048,-0.6401563286781311,6.810173988342285
150529.0,-9.57510471343994,0.40861043334007263,3.868178844451904
150600.0,-10.065437316894533,0.8717022538185121,2.5606253147125244
150669.0,-9.684066772460938,2.2473573684692383,1.7570248842239382
150739.0,-8.921327590942383,2.22011661529541,3.4050869941711426
150809.0,-8.730643272399902,2.7921712398529053,3.5140497684478764
150879.0,-7.123441696166992,2.6423475742340092,4.903325080871582
150949.0,-5.51624059677124,2.6014864444732666,6.619489192962647
151019.0,-5.162111759185791,2.2882184982299805,6.9327569007873535
151089.0,-4.44023323059082,1.2530720233917236,8.458235740661621
151159.0,-4.4810943603515625,1.8387469053268437,7.736357688903809
151229.0,-4.903325080871582,1.9477096796035769,8.158588409423826
151299.0,-4.671779155731201,1.6344417333602903,8.185829162597656
151369.0,-4.290409564971924,1.7978858947753906,8.648921012878418
151439.0,-3.473188638687134,1.3347940444946291,9.30269718170166
151510.0,-2.478903293609619,1.5254789590835571,9.30269718170166
151579.0,-2.982856035232544,0.4494714736938477,9.343558311462402
151649.0,-5.815888404846191,0.7218784093856812,6.238119125366211
151719.0,-9.152873992919922,-0.6810173988342285,6.0882954597473145
151789.0,-10.48766803741455,0.7218784093856812,3.473188638687134
151859.0,-9.95647430419922,1.0215260982513428,2.2882184982299805
153749.0,-2.478903293609619,-1.4165161848068235,10.024576187133787
153819.0,-3.9771416187286377,-1.2939330339431765,9.030290603637695
153889.0,-4.167826175689696,-0.953424334526062,8.962188720703125
153959.0,-3.4459478855133057,-1.0623871088027954,9.220975875854492
154029.0,-3.5549106597900386,-1.0623871088027954,9.261836051940918
154099.0,-3.827317714691162,-1.0623871088027954,9.030290603637695
154169.0,-3.936280488967896,-0.953424334526062,8.88046646118164
154239.0,-3.895419359207153,-1.0215260982513428,8.921327590942383
154309.0,-4.086104393005371,-1.0623871088027954,8.88046646118164
154379.0,-3.255263090133667,-0.4903325140476227,8.839605331420898
154449.0,-4.5083351135253915,-1.0215260982513428,8.730643272399902
154524.0,-4.018002510070802,-0.8717022538185121,8.921327590942383
154589.0,-4.018002510070802,-1.0215260982513428,8.989429473876953
154659.0,-4.290409564971924,-0.9942854046821594,8.648921012878418
154729.0,-4.671779155731201,-1.0215260982513428,8.608059883117676
154799.0,-4.780742168426514,-0.7627394795417786,8.458235740661621
154869.0,-5.666064739227295,-0.8308411836624146,7.736357688903809
154939.0,-7.082581043243407,-0.953424334526062,7.041719913482666
155009.0,-6.9599976539611825,-0.8036004900932312,6.851035118103027
155079.0,-6.891895771026611,-0.7218784093856812,6.742072105407715
155149.0,-7.273265838623048,-0.4903325140476227,6.469665050506593
155219.0,-7.123441696166992,-0.6129156351089478,6.660349845886231
155289.0,-7.232404708862305,-0.8036004900932312,6.660349845886231
155359.0,-7.041719913482666,-0.6810173988342285,6.769312858581543
155429.0,-7.15068244934082,-0.6129156351089478,6.701210975646973
155499.0,-7.314126491546631,-0.8036004900932312,6.701210975646973
155598.0,-7.123441696166992,-0.7218784093856812,6.742072105407715
155649.0,-7.123441696166992,-0.6401563286781311,6.810173988342285
155719.0,-7.082581043243407,-0.7627394795417786,6.810173988342285
155789.0,-7.041719913482666,-0.7218784093856812,6.742072105407715
155859.0,-7.123441696166992,-0.7218784093856812,6.742072105407715
155929.0,-7.123441696166992,-0.6810173988342285,6.701210975646973
155999.0,-7.232404708862305,-0.8036004900932312,6.578628063201903
156069.0,-7.232404708862305,-0.8036004900932312,6.660349845886231
156139.0,-7.273265838623048,-0.6401563286781311,6.660349845886231
156209.0,-7.123441696166992,-0.9125633239746094,6.742072105407715
156279.0,-7.123441696166992,-0.6810173988342285,6.742072105407715
156349.0,-7.041719913482666,-0.7627394795417786,6.701210975646973
156419.0,-7.232404708862305,-0.8036004900932312,6.660349845886231
156489.0,-7.273265838623048,-0.6810173988342285,6.619489192962647
157329.0,-7.314126491546631,-0.6810173988342285,6.42880392074585
157399.0,-7.273265838623048,-0.7218784093856812,6.469665050506593
157539.0,-7.354987621307372,-0.6810173988342285,6.3879432678222665
157609.0,-7.314126491546631,-0.6810173988342285,6.578628063201903
157679.0,-7.463950634002685,-0.7627394795417786,6.510526180267334
157749.0,-7.273265838623048,-0.6401563286781311,6.469665050506593
157819.0,-7.354987621307372,-0.7218784093856812,6.469665050506593
157889.0,-7.273265838623048,-0.6401563286781311,6.537766933441162
157959.0,-7.273265838623048,-0.7218784093856812,6.3879432678222665
158029.0,-7.463950634002685,-0.7218784093856812,6.3879432678222665
158099.0,-7.314126491546631,-0.7627394795417786,6.510526180267334
158169.0,-7.382228374481201,-0.7218784093856812,6.3470821380615225
158239.0,-7.4230895042419425,-0.6810173988342285,6.469665050506593
158309.0,-7.463950634002685,-0.7218784093856812,6.42880392074585
158379.0,-7.354987621307372,-0.6810173988342285,6.42880392074585
158449.0,-7.382228374481201,-0.8036004900932312,6.510526180267334
158519.0,-7.382228374481201,-0.7218784093856812,6.3879432678222665
158589.0,-7.314126491546631,-0.7218784093856812,6.510526180267334
158659.0,-7.354987621307372,-0.8036004900932312,6.42880392074585
158729.0,-7.354987621307372,-0.6810173988342285,6.469665050506593
158799.0,-7.463950634002685,-0.7627394795417786,6.469665050506593
158869.0,-7.4230895042419425,-0.7218784093856812,6.3470821380615225
158939.0,-7.232404708862305,-0.8036004900932312,6.42880392074585
159009.0,-7.382228374481201,-0.6401563286781311,6.469665050506593
159079.0,-7.463950634002685,-0.7218784093856812,6.3879432678222665
159149.0,-7.382228374481201,-0.7627394795417786,6.42880392074585
159219.0,-7.4230895042419425,-0.6810173988342285,6.3470821380615225
159289.0,-7.4230895042419425,-0.7218784093856812,6.3879432678222665
159359.0,-7.382228374481201,-0.6129156351089478,6.3470821380615225
159429.0,-7.354987621307372,-0.6810173988342285,6.42880392074585
159499.0,-7.4230895042419425,-0.7627394795417786,6.3879432678222665
159569.0,-7.354987621307372,-0.7627394795417786,6.469665050506593
159639.0,-7.354987621307372,-0.8036004900932312,6.42880392074585
159709.0,-7.463950634002685,-0.6810173988342285,6.469665050506593
159779.0,-7.314126491546631,-0.6401563286781311,6.537766933441162
159849.0,-7.463950634002685,-0.8036004900932312,6.469665050506593
159919.0,-7.354987621307372,-0.7627394795417786,6.42880392074585
159989.0,-7.545672416687013,-0.6810173988342285,6.42880392074585
160059.0,-7.463950634002685,-0.6810173988342285,6.469665050506593
160129.0,-7.545672416687013,-0.7627394795417786,6.319841384887695
161110.0,-7.4230895042419425,-0.6810173988342285,6.3470821380615225
161179.0,-7.886181354522705,-0.7627394795417786,5.815888404846191
161249.0,-7.314126491546631,-0.7218784093856812,6.469665050506593
161319.0,-7.613774299621582,-0.7627394795417786,6.319841384887695
161389.0,-7.273265838623048,-1.3756551742553709,6.891895771026611
161459.0,-9.5342435836792,-0.8717022538185121,6.578628063201903
161529.0,-10.296982765197754,-0.10896278172731401,4.399372100830078
161599.0,-10.528529167175293,1.1849702596664429,1.8387469053268437
161669.0,-8.417374610900879,1.7570248842239382,3.5957717895507812
161739.0,-6.810173988342285,2.9419951438903813,4.590057373046875
161809.0,-4.903325080871582,3.1735410690307617,6.0882954597473145
161879.0,-6.9599976539611825,2.860273122787476,6.00657320022583
161949.0,-4.44023323059082,3.636632919311523,6.769312858581543
162019.0,-4.058863639831543,3.4459478855133057,7.927042484283447
162089.0,-5.311935424804688,3.0645782947540283,7.886181354522705
162159.0,-3.4050869941711426,3.282503843307495,8.267551422119139
162229.0,-2.6014864444732666,2.451662540435791,8.267551422119139
162299.0,-4.126965522766113,1.8659876585006716,8.798744201660156
162369.0,-4.317650318145752,1.2258312702178955,10.296982765197754
162439.0,-4.358511447906493,2.982856035232544,8.376513481140138
162509.0,-4.671779155731201,3.023717164993286,6.319841384887695
162579.0,-4.399372100830078,2.6014864444732666,7.382228374481201
162649.0,-2.71044921875,2.451662540435791,8.499096870422362
162719.0,-4.821603298187256,1.6753027439117432,9.11201286315918
162789.0,-3.473188638687134,2.2882184982299805,8.771504402160645
162859.0,-3.3642258644104004,2.0566725730896,8.608059883117676
162929.0,-2.329079389572144,1.6072009801864624,10.21526050567627
162999.0,-1.9885708093643188,1.103248119354248,9.30269718170166
163069.0,-1.3347940444946291,1.2258312702178955,9.30269718170166
163139.0,-6.0882954597473145,0.14982382953166962,7.000858783721924
163209.0,-8.158588409423826,1.103248119354248,6.319841384887695
163279.0,-9.261836051940918,1.2258312702178955,4.780742168426514
163349.0,-8.962188720703125,1.2530720233917236,3.936280488967896
163419.0,-9.452521324157717,1.2530720233917236,3.473188638687134
163489.0,-11.223166465759276,1.4165161848068235,2.0566725730896
163559.0,-10.90989875793457,1.906848669052124,1.2939330339431765
163629.0,-9.765789031982422,2.860273122787476,1.0215260982513428
163699.0,-8.771504402160645,3.1735410690307617,0.9125633239746094
163769.0,-7.967903614044189,3.5140497684478764,1.2530720233917236
163839.0,-7.123441696166992,4.549196243286133,1.906848669052124
165239.0,-2.7921712398529053,-0.5311935544013977,9.60234546661377
165312.0,-3.78645658493042,-1.3756551742553709,8.989429473876953
165379.0,-3.636632919311523,-0.9125633239746094,9.071151733398438
165449.0,-2.8330323696136475,-1.0215260982513428,9.343558311462402
165519.0,-3.1326799392700195,-0.9125633239746094,9.193735122680664
165589.0,-3.5549106597900386,-0.8036004900932312,9.11201286315918
165659.0,-3.636632919311523,-1.0623871088027954,9.030290603637695
165729.0,-3.4459478855133057,-0.953424334526062,9.152873992919922
165799.0,-3.636632919311523,-0.8308411836624146,9.11201286315918
165869.0,-3.1735410690307617,-0.3813697397708893,9.030290603637695
165940.0,-2.982856035232544,-0.5311935544013977,9.261836051940918
166010.0,-3.4459478855133057,-0.7218784093856812,9.193735122680664
166079.0,-3.78645658493042,-0.8717022538185121,9.030290603637695
166149.0,-4.018002510070802,-0.8717022538185121,8.839605331420898
166219.0,-5.51624059677124,-0.6810173988342285,8.185829162597656
166289.0,-7.123441696166992,-0.6401563286781311,6.851035118103027
166359.0,-6.9599976539611825,-1.0215260982513428,6.660349845886231
166429.0,-6.619489192962647,-0.7627394795417786,7.041719913482666
166499.0,-6.810173988342285,-0.7218784093856812,6.891895771026611
166569.0,-7.232404708862305,-0.5720546245574951,6.810173988342285
166639.0,-7.382228374481201,-0.5720546245574951,6.42880392074585
166709.0,-7.4230895042419425,-0.8717022538185121,6.3879432678222665
166779.0,-7.314126491546631,-0.7218784093856812,6.660349845886231
166849.0,-7.123441696166992,-0.6129156351089478,6.701210975646973
166919.0,-7.1915435791015625,-0.8036004900932312,6.578628063201903
166989.0,-7.041719913482666,-0.7218784093856812,6.701210975646973
167059.0,-7.123441696166992,-0.6129156351089478,6.769312858581543
167129.0,-7.123441696166992,-0.6401563286781311,6.619489192962647
167199.0,-7.15068244934082,-0.7218784093856812,6.619489192962647
167269.0,-7.082581043243407,-0.7627394795417786,6.742072105407715
167339.0,-7.273265838623048,-0.8036004900932312,6.537766933441162
167409.0,-7.15068244934082,-0.6810173988342285,6.660349845886231
167479.0,-7.082581043243407,-0.6810173988342285,6.660349845886231
167549.0,-7.314126491546631,-0.8036004900932312,6.619489192962647
167619.0,-7.232404708862305,-0.6810173988342285,6.660349845886231
167689.0,-7.1915435791015625,-0.7218784093856812,6.660349845886231
167759.0,-7.15068244934082,-0.7218784093856812,6.619489192962647
167829.0,-7.232404708862305,-0.6810173988342285,6.537766933441162
167899.0,-7.1915435791015625,-0.7627394795417786,6.660349845886231
167969.0,-7.273265838623048,-0.6401563286781311,6.742072105407715
168809.0,-7.232404708862305,-0.6810173988342285,6.42880392074585
168879.0,-7.354987621307372,-0.6810173988342285,6.537766933441162
168949.0,-7.232404708862305,-0.7218784093856812,6.510526180267334
169019.0,-7.4230895042419425,-0.7218784093856812,6.537766933441162
169089.0,-7.314126491546631,-0.7218784093856812,6.537766933441162
169159.0,-7.273265838623048,-0.8036004900932312,6.469665050506593
169229.0,-7.463950634002685,-0.7627394795417786,6.3879432678222665
169299.0,-7.463950634002685,-0.5720546245574951,6.3879432678222665
169369.0,-7.504811763763428,-0.6810173988342285,6.42880392074585
169439.0,-7.463950634002685,-0.6401563286781311,6.319841384887695
169509.0,-7.57291316986084,-0.6810173988342285,6.238119125366211
169579.0,-7.463950634002685,-0.7627394795417786,6.156397342681885
169649.0,-7.613774299621582,-0.6129156351089478,6.278980255126952
169719.0,-7.57291316986084,-0.7627394795417786,6.238119125366211
169789.0,-7.57291316986084,-0.6810173988342285,6.156397342681885
169859.0,-7.504811763763428,-0.6810173988342285,6.197257995605469
169929.0,-7.504811763763428,-0.6129156351089478,6.156397342681885
169999.0,-7.57291316986084,-0.7218784093856812,6.156397342681885
170069.0,-7.57291316986084,-0.7627394795417786,6.238119125366211
170139.0,-7.695496559143066,-0.6810173988342285,6.047434329986572
170209.0,-7.613774299621582,-0.6810173988342285,6.0882954597473145
170279.0,-7.57291316986084,-0.6129156351089478,6.0882954597473145
170349.0,-7.57291316986084,-0.7627394795417786,6.197257995605469
170419.0,-7.654635429382324,-0.7218784093856812,6.156397342681885
170489.0,-7.613774299621582,-0.6129156351089478,6.1291565895080575
170559.0,-7.654635429382324,-0.7627394795417786,6.1291565895080575
170629.0,-7.613774299621582,-0.6129156351089478,6.0882954597473145
170699.0,-7.613774299621582,-0.7627394795417786,6.197257995605469
170769.0,-7.695496559143066,-0.6401563286781311,6.197257995605469
170839.0,-7.695496559143066,-0.7627394795417786,6.156397342681885
170909.0,-7.545672416687013,-0.6129156351089478,6.238119125366211
170979.0,-7.7635979652404785,-0.6810173988342285,5.965712070465088
171049.0,-7.463950634002685,-0.6401563286781311,6.238119125366211
171119.0,-7.804459095001222,-0.8036004900932312,6.197257995605469
171189.0,-7.804459095001222,-0.6129156351089478,5.924851417541504
171259.0,-7.314126491546631,-0.5720546245574951,6.619489192962647
171329.0,-6.742072105407715,-0.6810173988342285,6.660349845886231
171399.0,-8.308412551879883,-1.0215260982513428,6.619489192962647
171469.0,-7.463950634002685,-1.103248119354248,7.695496559143066
171539.0,-6.510526180267334,-0.9942854046821594,7.886181354522705
172379.0,-4.971426963806152,1.3347940444946291,7.9951438903808585
172449.0,-4.86246395111084,0.953424334526062,8.771504402160645
172519.0,-4.20868730545044,1.0215260982513428,8.458235740661621
172589.0,-3.214401960372925,0.7218784093856812,8.376513481140138
172659.0,-3.4050869941711426,0.29964765906333923,9.411660194396973
172729.0,-3.023717164993286,0.40861043334007263,9.5342435836792
172799.0,-1.7161637544631958,0.9942854046821594,9.193735122680664
172869.0,-2.410801649093628,-1.0215260982513428,11.10058307647705
172939.0,-0.14982382953166962,-1.4846179485321045,9.261836051940918
173009.0,-4.058863639831543,-1.3756551742553709,9.57510471343994
173079.0,-5.475379943847656,0.29964765906333923,7.7635979652404785
173149.0,-6.537766933441162,1.7570248842239382,5.965712070465088
173219.0,-6.891895771026611,2.2882184982299805,4.739881038665772
173289.0,-9.60234546661377,1.906848669052124,4.290409564971924
173359.0,-9.95647430419922,2.478903293609619,3.0918190479278564
173429.0,-10.024576187133787,2.7513103485107417,2.9419951438903813
173499.0,-10.106298446655273,3.1326799392700195,1.906848669052124
173569.0,-9.833890914916992,3.323364734649658,1.6072009801864624
173639.0,-9.60234546661377,3.6774938106536874,1.4437568187713623
173710.0,-8.349272727966309,4.058863639831543,1.1441092491149902
173779.0,-7.654635429382324,4.317650318145752,1.906848669052124
173849.0,-7.123441696166992,4.699019908905028,2.138394594192505
173919.0,-7.082581043243407,5.053149223327637,1.9477096796035769
173989.0,-7.000858783721924,5.094009876251222,2.0566725730896
174059.0,-7.314126491546631,5.543481349945068,2.22011661529541
174129.0,-7.382228374481201,6.197257995605469,2.0975334644317627
174199.0,-7.354987621307372,6.1291565895080575,2.0566725730896
174269.0,-7.000858783721924,5.706925868988037,3.1735410690307617
174339.0,-7.654635429382324,5.775027275085449,1.4165161848068235
174409.0,-7.463950634002685,5.5843424797058105,1.5663399696350098
174479.0,-7.7635979652404785,5.51624059677124,1.6072009801864624
174549.0,-6.891895771026611,5.094009876251222,3.704734563827514
174619.0,-6.891895771026611,4.167826175689696,1.7570248842239382
174689.0,-6.42880392074585,4.20868730545044,0.9125633239746094
174759.0,-7.082581043243407,3.1326799392700195,2.9419951438903813
174829.0,-8.349272727966309,2.6423475742340092,2.0294318199157715
174899.0,-10.719213485717773,0.9942854046821594,2.9419951438903813
174969.0,-11.604536056518555,0.6129156351089478,3.023717164993286
175039.0,-10.528529167175293,0.6129156351089478,3.473188638687134
175110.0,-9.30269718170166,0.19068486988544464,4.399372100830078
